   -0.07627975
    0.63305366
   -0.17030105
   -0.18280749
   -0.16110406
   -0.18384130
   -0.27848119
   -0.23677175
   -0.11177759
   -0.28500452
   -0.23799379
   -0.11035975
    0.20612951
    0.05985343
    0.04058489
   -0.11732291
    0.06381371
    0.02594095
    0.05312657
   -0.13431194
    0.06081163
    0.06499018
    0.06916234
    0.05427630
    0.05795221
   -0.13031775
    0.06688356
    0.05727301
    0.03434002
   -0.13046568
    0.04615132
    0.06189417
    0.06078207
    0.04381065
    0.06863986
   -0.12232007
    0.05493173
    0.04689835
    0.05619119
   -0.12995606
    0.06374650
    0.04416524
    0.05315516
    0.04891206
    0.04849385
   -0.12296816
    0.05582118
    0.05719816
    0.03254316
   -0.12365168
    0.04881849
    0.05395456
    0.06124832
    0.20540899
    0.05484960
    0.03347921
   -0.12009984
    0.05784388
    0.01983075
    0.05914370
   -0.12961915
    0.06178291
    0.04978453
    0.06829843
    0.05405260
    0.06020012
   -0.13064889
    0.06204779
    0.06042077
    0.03950640
   -0.12935520
    0.05902533
    0.04635717
    0.06308925
    0.04645600
    0.05371849
   -0.12556583
    0.04960271
    0.05729760
    0.05904842
   -0.12490129
    0.05082833
    0.03981886
    0.05448889
    0.04273402
    0.06832009
   -0.12912947
    0.05623614
    0.05483932
    0.04708742
   -0.12237138
    0.05646859
    0.03918709
    0.05986537
    0.14551930
    0.14070141
    0.14641291
    0.14118316
   -0.71153492
    0.35884582
    0.35275319
   -0.70097245
    0.35228486
    0.35066267
   -0.69726952
    0.35399316
    0.34498216
   -0.72354303
    0.35925539
    0.36428748
   -0.66682526
    0.33655708
    0.34947149
   -0.70080625
    0.35084901
    0.35215050
   -0.70037881
    0.35335518
    0.34888596
   -0.69616838
    0.33107710
    0.36062158
   -0.69912278
    0.35150112
    0.34875771
   -0.72179452
    0.36058190
    0.36121248
   -0.69555430
    0.34694261
    0.34968895
   -0.72510797
    0.36559691
    0.35951101
   -0.71946285
    0.36358154
    0.35588090
   -0.69494794
    0.35035325
    0.34788162
   -0.69391908
    0.34958515
    0.34758433
   -0.70207180
    0.35158894
    0.35296616
   -0.72385811
    0.35591336
    0.36794468
   -0.70146825
    0.35245468
    0.35049347
   -0.69999976
    0.34758588
    0.35440029
   -0.72156125
    0.36420909
    0.35735200
   -0.72556078
    0.36483052
    0.36073014
   -0.72664861
    0.36008537
    0.36656318
   -0.70970728
    0.35431882
    0.35539923
