           1           2  0.51384388681829829     
           1           3  0.17773303370762944     
           1           4  0.18728890177460836     
           1           5  0.22340243274513560     
           1           6  0.18860440652778451     
           2           7  0.57006380594304595     
           2           8  0.78357429100545029     
           7           8  0.13336595539745610     
           2          10  0.61839093056613559     
           2          11  0.78460248774324581     
          10          11  0.13128584397787951     
           7          13   1.3505122575407520     
           8          13   1.3084517458928384     
           9          13   1.2233996093747839     
           7          14  0.97711854548206178     
          14          15  0.93665507298414818     
          14          16  0.99989793876767008     
          16          17  0.97534340241331807     
          16          18  0.96057411170011697     
          16          19  0.98218086111402159     
          14          20  0.99123142807603082     
          20          21  0.97642601570173027     
          20          22  0.97620114588766649     
          20          23  0.97540140703774147     
           8          24  0.97306488578602934     
          24          25  0.95038389339905127     
          24          26   1.0012730323334289     
          26          27  0.97960143374575392     
          26          28  0.97749397358347800     
          26          29  0.98030338630349900     
          24          30  0.99872653577096737     
          30          31  0.98224529826154705     
          30          32  0.97492834379240978     
          30          33  0.98143720541526536     
           9          34  0.94776376556323694     
          34          35  0.94755876307305087     
          34          36   1.0082564537966956     
          36          37  0.97620360487572178     
          36          38  0.97601601629372670     
          36          39  0.97943397447929770     
          34          40  0.99189379393902910     
          40          41  0.97906085636302231     
          40          42  0.98490226886260590     
          40          43  0.98210506204217041     
           9          44  0.95873308135840418     
          44          45  0.95420017583473071     
          44          46  0.99208534341411514     
          46          47  0.98108390866966122     
          46          48  0.97868186315290973     
          46          49  0.98408478610949901     
          44          50   1.0044303182678798     
          50          51  0.97625984167254731     
          50          52  0.98044660077334111     
          50          53  0.97522784626162151     
          10          54   1.3512916423011030     
          11          54   1.3002999212224995     
          12          54   1.2329913191863402     
          10          55  0.98479149852728520     
          55          56  0.94892028311754717     
          55          57   1.0009997169333060     
          57          58  0.97416396451854537     
          57          59  0.97633702538602229     
          57          60  0.97946070401204222     
          55          61  0.99195430604722290     
          61          62  0.97658031411588631     
          61          63  0.98335925940957414     
          61          64  0.97629764701627586     
          11          65  0.96984160125268826     
          65          66  0.94903205635273369     
          65          67   1.0011390679125654     
          67          68  0.98189957251941784     
          67          69  0.97595752367253708     
          67          70  0.97984643129040061     
          65          71  0.99929708628930103     
          71          72  0.98147767482793569     
          71          73  0.98166261435350899     
          71          74  0.97344132908400227     
          12          75  0.95748291198844804     
          75          76  0.95360722439269296     
          75          77   1.0048017919962029     
          77          78  0.97587314083282761     
          77          79  0.97892008484993120     
          77          80  0.97642071483819859     
          75          81  0.99379987192114871     
          81          82  0.98202408528593310     
          81          83  0.98309890634528529     
          81          84  0.98149429399806665     
          12          85  0.94871840070250846     
          85          86  0.94901407909864532     
          85          87  0.99366119824294274     
          87          88  0.98178181200697479     
          87          89  0.98249980681476445     
          87          90  0.98478937257574117     
          85          91   1.0084214892535710     
          91          92  0.97681127975208515     
          91          93  0.97636905819820385     
          91          94  0.97748108102891096     
           1          95  0.99783430668562501     
           3          95   2.1907831147901007     
           1          96   1.0533889132668199     
           4          96   2.1577981839546259     
           1          97   1.0593397538991949     
           5          97   2.1845373160812995     
           1          98   1.0707220738391550     
           6          98   2.1471245907732719     
          99         100  0.87109377521304154     
          99         101  0.87542103385817183     
         102         103  0.87517233442928122     
         102         104  0.87654378402133359     
         105         106  0.87431204341856128     
         105         107  0.88090053713217731     
         108         109  0.87074682960743222     
         108         110  0.86710582640445355     
         111         112  0.88562473271475861     
         111         113  0.87607037199361093     
         114         115  0.87637250623165852     
         114         116  0.87546299447103415     
         117         118  0.87442030550272443     
         117         119  0.87777774081958149     
         120         121  0.88334232448011851     
         120         122  0.86989876210421269     
         123         124  0.87588584678360693     
         123         125  0.87815974296593435     
         126         127  0.86978968360619990     
         126         128  0.86933542422932242     
         129         130  0.87907949958295573     
         129         131  0.87745642282274572     
         132         133  0.86614247985499104     
         132         134  0.87055639545403152     
         135         136  0.86763798906440071     
         135         137  0.87317815467214444     
         138         139  0.87634767190633422     
         138         140  0.87826345534281447     
         141         142  0.87680113313033159     
         141         143  0.87838071764326076     
         144         145  0.87563706838051880     
         144         146  0.87468535498144906     
         147         148  0.87314664930206964     
         147         149  0.86443680435705217     
         150         151  0.87547394549084001     
         150         152  0.87639335704988652     
         153         154  0.87872780430910735     
         153         155  0.87394174642840172     
         156         157  0.86718804471885136     
         156         158  0.87213610633767746     
         159         160  0.86670220186383340     
         159         161  0.86967727199078326     
         162         163  0.87012556185014611     
         162         164  0.86541760429789383     
         165         166  0.87434653306585397     
         165         167  0.87358531046747590     
