   -0.03228999
    0.12988517
    0.14867021
   -0.40300937
   -0.12334699
   -0.02549188
    0.00049948
   -0.07805771
   -0.46237255
    0.00626726
    0.04035712
    0.07379791
    0.07759828
    0.07882842
    0.60856129
   -0.03338499
    0.13082910
    0.15032308
   -0.40257793
   -0.12290447
   -0.02552644
   -0.00103280
   -0.07676901
   -0.45586901
    0.00672526
    0.04065590
    0.08007471
    0.08144300
    0.06554257
   -0.02901589
    0.12878726
    0.15057609
   -0.41574317
   -0.12344071
   -0.02583272
    0.00213906
   -0.07748462
   -0.44728231
    0.00413666
    0.03700520
    0.07534841
    0.07851552
    0.07810313
   -0.11546723
    0.05532556
    0.04488834
    0.03210470
   -0.11420897
    0.04102724
    0.05639226
    0.03431994
   -0.11812767
    0.04552288
    0.05563736
    0.04109041
   -0.70662982
    0.35260021
    0.35797934
   -0.70788191
    0.36345796
    0.36381736
   -0.70698410
    0.36444308
    0.36040237
   -0.72271385
    0.36129021
    0.36142363
   -0.71857548
    0.35753877
    0.36103413
   -0.70782996
    0.35575814
    0.35646510
   -0.71917528
    0.35761512
    0.36155977
   -0.71852903
    0.35852693
    0.36000025
   -0.70803730
    0.36135714
    0.36378135
   -0.70760685
    0.35536335
    0.35629739
   -0.71813205
    0.35854761
    0.35958398
   -0.70543329
    0.36389686
    0.36250609
   -0.71989567
    0.36005647
    0.35983298
   -0.72131457
    0.36025082
    0.36106359
   -0.70917589
    0.35676984
    0.35609236
   -0.70784441
    0.35371456
    0.35650877
   -0.71732488
    0.35809962
    0.35921918
   -0.71906383
    0.35747832
    0.36158505
   -0.71653595
    0.35959420
    0.35694130
   -0.70388248
    0.36405112
    0.36034188
   -0.70703889
    0.35444346
    0.35587068
   -0.71973379
    0.36059272
    0.35913461
   -0.71753560
    0.35633474
    0.36120005
   -0.71018563
    0.35621757
    0.35788199
   -0.71687150
    0.35897209
    0.35789188
   -0.72141695
    0.36012374
    0.36129324
   -0.72130441
    0.36158472
    0.35971966
   -0.70737987
    0.33344188
    0.35454448
   -0.70716945
    0.33369136
    0.35561683
   -0.72261026
    0.36197537
    0.36063486
   -0.72342581
    0.36367001
    0.35975581
   -0.72493610
    0.36296027
    0.36197577
   -0.72418756
    0.36310323
    0.36108433
   -0.72291322
    0.36000419
    0.36290902
   -0.70589543
    0.35575803
    0.33303623
   -0.72381243
    0.36275286
    0.36105962
   -0.72096972
    0.36016009
    0.36080967
   -0.70920798
    0.35674017
    0.33149798
   -0.72280639
    0.36269299
    0.36011339
   -0.72405175
    0.36370363
    0.36034811
   -0.71969018
    0.35926399
    0.36042620
   -0.71993014
    0.36123576
    0.35869435
   -0.72290546
    0.35986456
    0.36304090
   -0.72297687
    0.36253809
    0.36043879
   -0.72084849
    0.36052333
    0.36032505
   -0.72105168
    0.36079226
    0.36025945
   -0.72179660
    0.36281929
    0.35897729
   -0.70947689
    0.36213049
    0.36442784
   -0.72557261
    0.36240168
    0.36317088
   -0.72132662
    0.36194264
    0.35938396
   -0.72229605
    0.36226514
    0.36003093
   -0.72219460
    0.36061708
    0.36157754
   -0.72109926
    0.35933078
    0.36176848
   -0.70689731
    0.33196879
    0.35441786
   -0.72467089
    0.36190924
    0.36276154
   -0.72308657
    0.36099051
    0.36209606
   -0.72329044
    0.36218526
    0.36110516
   -0.71939577
    0.35983154
    0.35956416
   -0.72143508
    0.36246780
    0.35896727
   -0.72059749
    0.35782246
    0.36277503
   -0.72129612
    0.36075435
    0.36054182
   -0.70966681
    0.36362320
    0.36309229
   -0.72080001
    0.36177201
    0.35902799
   -0.72233970
    0.36038112
    0.36195857
   -0.72264710
    0.36440010
    0.35824700
   -0.72340001
    0.36250743
    0.36089256
   -0.72182336
    0.35830234
    0.36352102
   -0.72253476
    0.36085976
    0.36167496
   -0.72195937
    0.36063021
    0.36132919
   -0.72240418
    0.35914022
    0.36326395
   -0.72139968
    0.36075300
    0.36064667
   -0.72142993
    0.35936175
    0.36206815
   -0.72290745
    0.36063707
    0.36227036
   -0.72252104
    0.36250524
    0.36001579
   -0.72222554
    0.36066528
    0.36156023
   -0.72210699
    0.36114484
    0.36096214
   -0.72083343
    0.35827647
    0.36255699
   -0.72293287
    0.36085441
    0.36207843
   -0.72062345
    0.36068649
    0.35993698
   -0.72134791
    0.35934920
    0.36199870
   -0.72008217
    0.35961685
    0.36046528
   -0.72036582
    0.36170180
    0.35866402
   -0.72101862
    0.36051674
    0.36050187
   -0.72186163
    0.36206548
    0.35979616
   -0.72170098
    0.36123578
    0.36046517
   -0.72212091
    0.36079424
    0.36132665
   -0.72129371
    0.36028139
    0.36101233
   -0.72221956
    0.35927882
    0.36294072
   -0.72118041
    0.36084138
    0.36033903
   -0.72125511
    0.36016038
    0.36109476
   -0.72060931
    0.35982506
    0.36078424
   -0.72315740
    0.36294922
    0.36020819
   -0.70497761
    0.35522532
    0.33267085
   -0.72190285
    0.36011890
    0.36178392
   -0.72141171
    0.36248632
    0.35892539
   -0.72518454
    0.36227183
    0.36291267
   -0.72159979
    0.36176390
    0.35983592
   -0.72286139
    0.36069000
    0.36217139
   -0.70878555
    0.35540513
    0.35602116
   -0.71984200
    0.35815698
    0.36168503
   -0.72083570
    0.35914217
    0.36169355
   -0.72140414
    0.35899431
    0.36240982
   -0.72121914
    0.36020138
    0.36101776
   -0.72106717
    0.35819340
    0.36287378
   -0.72119896
    0.36002767
    0.36117128
   -0.72160800
    0.36127517
    0.36033281
   -0.70453845
    0.33322432
    0.35426541
   -0.72028470
    0.35848235
    0.36180236
   -0.72136391
    0.36001118
    0.36135272
