           1           2   1.3488660875285325     
           2           3   1.0428064468408682     
           3           4   1.4533471626078986     
           3           5   1.2435756608076445     
           5           6   1.4824474613504641     
           1           7   1.1582145466812754     
           6           7   1.2742071016024541     
           7           8  0.99528246437401646     
           1           9  0.13387016179048444     
           2           9   1.3725477359176119     
           5          10  0.96895082870733840     
           6          11  0.96060730276472150     
           8          12  0.96729863867698729     
           8          13  0.97404873978530193     
           8          14  0.96513081723588101     
           4          15  0.40591624667778947     
           9          15  0.37937702409070218     
          16          17   1.3481054396097352     
          17          18   1.0408005830752494     
          15          19  0.40277245454152122     
          18          19   1.4563475275779592     
          18          20   1.2426371667449243     
          20          21   1.4845033361214657     
          16          22   1.1554729027118704     
          21          22   1.2717841718505207     
          22          23  0.99621523143941715     
          15          24  0.38729383802061723     
          16          24  0.13427207917791023     
          17          24   1.3753046055907523     
          20          25  0.96887616647273789     
          21          26  0.96068018843541658     
          23          27  0.96683073032346545     
          23          28  0.97266919976476951     
          23          29  0.97180152197811176     
          30          31   1.3455397301233576     
          31          32   1.0444619972223788     
          15          33  0.38218474115076817     
          32          33   1.4529501749155356     
          32          34   1.2465941705239505     
          34          35   1.4787609494288174     
          30          36   1.1627095361738033     
          35          36   1.2743453298732998     
          36          37  0.99513619938179176     
          15          38  0.40803423106478126     
          30          38  0.13053054835730749     
          31          38   1.3702586123943064     
          34          39  0.96899240088555327     
          35          40  0.96142280241755351     
          37          41  0.96848678894688467     
          37          42  0.97352216921377022     
          37          43  0.96790645837564215     
          16          44   1.0239793711053795     
          44          45  0.97962711923352064     
          44          46  0.96961915014665478     
          44          47  0.97246925606915946     
           1          48   1.0240321685985476     
          48          49  0.97139188267359167     
          48          50  0.97979006783222389     
          48          51  0.97216155194633691     
          30          52   1.0249088088019174     
          52          53  0.96860434807660756     
          52          54  0.97943677025699005     
          52          55  0.97015072604902186     
          56          57  0.87473395752059302     
          56          58  0.87101968124531615     
          59          60  0.86499847274225838     
          59          61  0.86494880747390779     
          62          63  0.86436196485434924     
          62          64  0.86740780004791862     
          65          66  0.86931997119514715     
          65          67  0.86922348976743835     
          68          69  0.87207701630300005     
          68          70  0.86956400192269567     
          71          72  0.87266408745051871     
          71          73  0.87197815112992083     
          74          75  0.87199800533375993     
          74          76  0.86916141759833720     
          77          78  0.87134578154221698     
          77          79  0.87028640858039541     
          80          81  0.86636667650974186     
          80          82  0.86501074164638769     
          83          84  0.87289289305272988     
          83          85  0.87235725313981305     
          86          87  0.87134326269606310     
          86          88  0.87059918632958400     
          89          90  0.86504441997908632     
          89          91  0.86601093951832320     
          92          93  0.87026307962221550     
          92          94  0.87042038926261556     
          95          96  0.87007578860740808     
          95          97  0.86948954765717112     
          98          99  0.87191405171266978     
          98         100  0.87247438526057708     
         101         102  0.87417103216716863     
         101         103  0.87242428782692427     
         104         105  0.87169492268373039     
         104         106  0.87088802487936090     
         107         108  0.87211549793190724     
         107         109  0.86916257129984897     
         110         111  0.87061757205013546     
         110         112  0.87251824043656889     
         113         114  0.86429436617848776     
         113         115  0.86819749631208476     
         116         117  0.87362809118134943     
         116         118  0.87260422553713635     
         119         120  0.86988198029718444     
         119         121  0.87093563868385060     
         122         123  0.87294134202546891     
         122         124  0.86945068743090492     
         125         126  0.87233581710217967     
         125         127  0.87105503639511639     
         128         129  0.87107247503614693     
         128         130  0.87185151943011496     
         131         132  0.87014714289216333     
         131         133  0.86930334049097491     
         134         135  0.86912589518231320     
         134         136  0.87047117334227841     
         137         138  0.86081966353216011     
         137         139  0.87420015618164160     
         140         141  0.86281238907291402     
         140         142  0.87340761481647222     
         143         144  0.86881684284700966     
         143         145  0.86978572647669394     
         146         147  0.86759913173483527     
         146         148  0.87043097287809301     
         149         150  0.86811172712314699     
         149         151  0.86882547948822286     
         152         153  0.86800298618511773     
         152         154  0.86946505603718194     
         155         156  0.87023730925212051     
         155         157  0.86813731219949419     
         158         159  0.87336007525680803     
         158         160  0.86419065837888187     
         161         162  0.86823560869413718     
         161         163  0.86946131908436008     
         164         165  0.87014986339947242     
         164         166  0.86968158115436578     
         167         168  0.87265532370300269     
         167         169  0.86015740268788354     
         170         171  0.86831269350114959     
         170         172  0.87017725222593778     
         173         174  0.86754540914352940     
         173         175  0.86997505277528853     
         176         177  0.87080485808867070     
         176         178  0.86996837601821198     
         179         180  0.86940570583299115     
         179         181  0.87123546072057023     
         182         183  0.87034673369030802     
         182         184  0.86805035936841113     
         185         186  0.86841393986631865     
         185         187  0.86993173824495151     
         188         189  0.86991188033245459     
         188         190  0.87005464978835478     
         191         192  0.86968832012508412     
         191         193  0.87007251367448413     
         194         195  0.86821817001300650     
         194         196  0.87099144467983280     
         197         198  0.86569017656910718     
         197         199  0.86411447074581882     
         200         201  0.86850831379942262     
         200         202  0.86795016139652481     
         203         204  0.86885630187463669     
         203         205  0.87070199045004637     
         206         207  0.86862586743874293     
         206         208  0.87023969401992218     
         209         210  0.86981462459552072     
         209         211  0.86912104720853678     
         212         213  0.87074831933909314     
         212         214  0.86899041890745854     
         215         216  0.86041583471077521     
         215         217  0.87429966603309672     
         218         219  0.86887989798911347     
         218         220  0.86826233222125582     
         221         222  0.86953763236510495     
         221         223  0.86873839573245948     
         224         225  0.86866079188553291     
         224         226  0.86944210050061654     
         227         228  0.87040476456782245     
         227         229  0.87059731343849300     
         230         231  0.86848730724635648     
         230         232  0.87101273194726470     
         233         234  0.87185215179250586     
         233         235  0.86828319435550416     
         236         237  0.86971476371864387     
         236         238  0.86986796472857175     
         239         240  0.86457879507095381     
         239         241  0.86515414239385047     
         242         243  0.86898764126354011     
         242         244  0.87096559781786831     
         245         246  0.86995281447051898     
         245         247  0.86881336102921924     
         248         249  0.86704335935228172     
         248         250  0.87148998716198411     
         251         252  0.86842113780693575     
         251         253  0.86958942996852451     
         254         255  0.87148299093626558     
         254         256  0.86771594657446394     
         257         258  0.86958966688076500     
         257         259  0.86900070401464080     
         260         261  0.86979819025608696     
         260         262  0.86929352766893586     
         263         264  0.87086083177815832     
         263         265  0.86788185643155380     
         266         267  0.86969076283549573     
         266         268  0.86976740348455417     
         269         270  0.87071429647657261     
         269         271  0.86876183138876362     
         272         273  0.86975052377550621     
         272         274  0.86856981929288846     
         275         276  0.86840492920433277     
         275         277  0.87020366741861321     
         278         279  0.86974614625188917     
         278         280  0.86909969812599974     
         281         282  0.86939719530633552     
         281         283  0.86952913903608953     
         284         285  0.87150058786543971     
         284         286  0.86841496968378507     
         287         288  0.86959920740281460     
         287         289  0.86871433348759286     
         290         291  0.86976529233529942     
         290         292  0.87030543079482769     
         293         294  0.87069586036325930     
         293         295  0.86878459292928278     
         296         297  0.87054322723174260     
         296         298  0.86993226729421624     
         299         300  0.86903727473728110     
         299         301  0.87122567853443078     
         302         303  0.86988900709828898     
         302         304  0.86989967718785677     
         305         306  0.86874608963863142     
         305         307  0.87038420608385458     
         308         309  0.86936410852399293     
         308         310  0.86992024066330587     
         311         312  0.86965574262502521     
         311         313  0.86927124199550798     
         314         315  0.87003781585638662     
         314         316  0.86951055748132988     
         317         318  0.87075943410736889     
         317         319  0.86811474492446439     
         320         321  0.86962996650335489     
         320         322  0.86999225027154259     
         323         324  0.87012912794065433     
         323         325  0.86945522604145642     
         326         327  0.87037403876612851     
         326         328  0.86968281245848966     
         329         330  0.86810247493242154     
         329         331  0.87008471226163109     
         332         333  0.87371205385096729     
         332         334  0.86437644739144859     
         335         336  0.87015696412272425     
         335         337  0.86895490341348425     
         338         339  0.86844838008114478     
         338         340  0.87101726628123965     
         341         342  0.86857317163011305     
         341         343  0.86810837953536613     
         344         345  0.86897425991129285     
         344         346  0.87036556539768872     
         347         348  0.86972926336230238     
         347         349  0.86865841572834657     
         350         351  0.87320832346667010     
         350         352  0.87260401387744646     
         353         354  0.87158312461512377     
         353         355  0.86904343436448350     
         356         357  0.87085957998459562     
         356         358  0.86902044596054262     
         359         360  0.87096673692053195     
         359         361  0.86850264946007738     
         362         363  0.87010231267242755     
         362         364  0.86951351662587262     
         365         366  0.87155222525553921     
         365         367  0.86817730344922039     
         368         369  0.87023352220708516     
         368         370  0.86940871940474795     
         371         372  0.86934053687968915     
         371         373  0.87002053660375656     
         374         375  0.86400745788327304     
         374         376  0.87440838349756400     
         377         378  0.87134477275686484     
         377         379  0.86895339772413549     
         380         381  0.87022761135884452     
         380         382  0.86925978500064771     
