   -0.10815474
    0.10701804
   -0.24318771
   -0.00165453
    0.13800025
    0.17069097
   -0.40344435
   -0.46679731
    0.06196653
   -0.49650720
    0.05726146
    0.03497246
    0.04741767
    0.07019892
    0.34490758
    1.09877772
   -0.11235464
    0.10641728
   -0.23911710
    0.00002286
    0.13801037
    0.17252042
   -0.40416909
   -0.45401134
    0.05569327
   -0.50692794
    0.04950104
    0.03572522
    0.05705661
    0.07690530
    0.35164424
   -0.11194005
    0.10669043
   -0.24169307
   -0.00001802
    0.13835475
    0.17142925
   -0.39055813
   -0.46749664
    0.05285219
   -0.49902035
    0.05231203
    0.03498052
    0.06055311
    0.07973392
    0.35667398
   -0.69148903
    0.32729964
    0.33033759
   -0.70920025
    0.35654989
    0.33121977
   -0.72263835
    0.36263682
    0.36000148
   -0.70909639
    0.36125543
    0.36559577
   -0.71008242
    0.36525418
    0.36303864
   -0.69031533
    0.34608901
    0.36660530
   -0.72224593
    0.36095078
    0.36129513
   -0.72087620
    0.36310912
    0.35776722
   -0.72021737
    0.35961573
    0.36060164
   -0.70720117
    0.36138703
    0.36586673
   -0.68187360
    0.31692308
    0.32743271
   -0.68637078
    0.36209217
    0.33104245
   -0.71118451
    0.35502587
    0.35890056
   -0.72331466
    0.36036173
    0.36295291
   -0.71794093
    0.35761285
    0.36032776
   -0.72062235
    0.36143402
    0.35918805
   -0.71044507
    0.35743854
    0.35667417
   -0.71289148
    0.35730650
    0.35909248
   -0.72405970
    0.36225323
    0.36180625
   -0.72185127
    0.36236415
    0.35948708
   -0.72181016
    0.35957370
    0.36223636
   -0.70655311
    0.36389020
    0.36213541
   -0.72193078
    0.36161771
    0.36030847
   -0.72121027
    0.36084918
    0.36035368
   -0.70378226
    0.33101335
    0.32837550
   -0.72435600
    0.36370591
    0.36065013
   -0.69413914
    0.33258227
    0.36075324
   -0.72324572
    0.36291325
    0.36033249
   -0.70862367
    0.35734452
    0.33352242
   -0.70783282
    0.33351857
    0.35610372
   -0.72112717
    0.35910797
    0.36201915
   -0.72243980
    0.36264686
    0.35979291
   -0.72388558
    0.36272492
    0.36116064
   -0.72292051
    0.36200434
    0.36091618
   -0.70599371
    0.33161073
    0.35433040
   -0.71039858
    0.36537276
    0.36216793
   -0.71296543
    0.35462533
    0.33284619
   -0.72284744
    0.36363796
    0.35920948
   -0.72568183
    0.36228674
    0.36339511
   -0.72098635
    0.35963473
    0.36135163
   -0.72371372
    0.36412176
    0.35959195
   -0.72036755
    0.36078054
    0.35958702
   -0.70736822
    0.36483793
    0.36359143
   -0.70734456
    0.33161538
    0.35970748
   -0.70915839
    0.35832395
    0.35364605
   -0.72222997
    0.36307711
    0.35915288
   -0.72083245
    0.36200961
    0.35882283
   -0.70920767
    0.36383234
    0.36308208
   -0.72328529
    0.35960083
    0.36368447
   -0.70789960
    0.36588501
    0.36471766
   -0.72299859
    0.36168239
    0.36131621
   -0.72161346
    0.36102376
    0.36058960
   -0.72130651
    0.35998178
    0.36132466
   -0.72196771
    0.36302284
    0.35894489
   -0.70835476
    0.35553975
    0.33334235
   -0.72124814
    0.35866895
    0.36257919
   -0.72281491
    0.36283719
    0.35997773
   -0.72140916
    0.35914309
    0.36226595
   -0.72232482
    0.36032617
    0.36199869
   -0.72045692
    0.35795964
    0.36249725
   -0.72162425
    0.36063064
    0.36099362
   -0.70513655
    0.36263769
    0.36473311
   -0.72170302
    0.36082061
    0.36088240
   -0.72296706
    0.35982738
    0.36313965
   -0.72285768
    0.36237588
    0.36048178
   -0.72269793
    0.36116576
    0.36153215
   -0.72291740
    0.36177095
    0.36114642
   -0.72176697
    0.36002385
    0.36174310
   -0.72333424
    0.36122192
    0.36211231
   -0.72107133
    0.35827836
    0.36279298
   -0.71977124
    0.36001873
    0.35975252
   -0.72248167
    0.36025871
    0.36222295
   -0.72267735
    0.36130776
    0.36136957
   -0.72234097
    0.36008242
    0.36225856
   -0.72186751
    0.36372928
    0.35813823
   -0.72267465
    0.36329152
    0.35938312
   -0.72192119
    0.35668267
    0.36523851
   -0.70800929
    0.33298648
    0.35396162
   -0.70895697
    0.36313889
    0.36183972
   -0.72065491
    0.35942150
    0.36123340
   -0.72077413
    0.36309073
    0.35768339
   -0.72157867
    0.35871505
    0.36286360
   -0.70488554
    0.33337173
    0.35380704
   -0.72127414
    0.36090035
    0.36037376
   -0.70731577
    0.35199831
    0.33261430
   -0.72187886
    0.36115404
    0.36072479
   -0.72214594
    0.36160246
    0.36054339
   -0.72062045
    0.35824425
    0.36237619
   -0.72236370
    0.36100837
    0.36135531
   -0.72216615
    0.36113943
    0.36102670
   -0.72154371
    0.36097934
    0.36056436
   -0.70970698
    0.35416833
    0.35656186
   -0.72360967
    0.36189223
    0.36171747
   -0.72232136
    0.36116770
    0.36115367
   -0.72083848
    0.36052234
    0.36031615
   -0.72138979
    0.36124092
    0.36014889
   -0.72226769
    0.36203679
    0.36023089
   -0.72160163
    0.36174646
    0.35985517
   -0.72126098
    0.36153524
    0.35972572
   -0.72065806
    0.35902719
    0.36163087
   -0.72144702
    0.36061451
    0.36083251
   -0.72127752
    0.36220116
    0.35907633
   -0.72154651
    0.36086697
    0.36067954
   -0.72236596
    0.36212628
    0.36023967
   -0.72160341
    0.36032150
    0.36128192
