           1           2   1.5466568264229659     
           2           3   1.1254495258624770     
           3           4   1.0173207303400080     
           4           5   1.4390355055087283     
           1           6   1.2005811255631995     
           5           6   1.0245129300483238     
           6           7   1.4565181672399048     
           4           8  0.15243246563647619     
           5           8   1.3342451006983997     
           2           9  0.99259383953147018     
           9          10  0.99441829372214774     
           1          11  0.96253355182440314     
           4          12  0.96332274241779370     
           9          13  0.96114436564861017     
           9          14  0.95323616159064128     
          10          15  0.83418393123067325     
           6          16  0.12675528088670690     
           7          16  0.42328814547267779     
           8          16  0.40979668702172506     
          17          18   1.5379156069594722     
          18          19   1.1322332886064252     
          19          20   1.0214853456787558     
          20          21   1.4247242027241642     
          16          22  0.11329492390116097     
          17          22   1.2037949998827362     
          21          22   1.0224221391936266     
          16          23  0.41468414678044729     
          22          23   1.4599365606093879     
          16          24  0.42096922566071004     
          20          24  0.15524656248669808     
          21          24   1.3602307644490015     
          18          25  0.99364459589472176     
          25          26  0.99455503711728088     
          17          27  0.96373556735385568     
          20          28  0.96341290495421616     
          25          29  0.95692973963165784     
          25          30  0.94805043365888586     
          26          31  0.86213391450227128     
          32          33   1.5497293156790863     
          33          34   1.1270366582242868     
          34          35   1.0187741963075898     
          35          36   1.4436762692717253     
          16          37  0.11399083803505769     
          32          37   1.1930603064756991     
          36          37   1.0214726837638914     
          16          38  0.42359364040529912     
          37          38   1.4866724702072958     
          16          39  0.41149485088245302     
          35          39  0.15188970151428516     
          36          39   1.3317154370709017     
          33          40  0.99389592247513969     
          40          41  0.98763093859062279     
          32          42  0.96369166100805970     
          35          43  0.96328176463326542     
          40          44  0.95672314651213441     
          40          45  0.94792161144445608     
          41          46  0.85665983616981156     
          47          48  0.86623160814329458     
          47          49  0.86107619885066100     
          50          51  0.87275717906582362     
          50          52  0.85962147254202759     
          53          54  0.86836908635312349     
          53          55  0.87027353575179045     
          56          57  0.86692762851524396     
          56          58  0.86308248478721450     
          59          60  0.86383835147332855     
          59          61  0.86530706711549110     
          62          63  0.87658467449850730     
          62          64  0.86305373220348347     
          65          66  0.86957517011932173     
          65          67  0.86932624587764751     
          68          69  0.86803613565818838     
          68          70  0.87188643476628358     
          71          72  0.87054836080120956     
          71          73  0.86983835828563738     
          74          75  0.86696463228281129     
          74          76  0.86349791278728649     
          77          78  0.86983536009531237     
          77          79  0.86801966495366434     
          80          81  0.86614355370559570     
          80          82  0.85996845968631730     
          83          84  0.87335942621143570     
          83          85  0.87059202408353520     
          86          87  0.86997654919695022     
          86          88  0.86810214338711245     
          89          90  0.87200888221456485     
          89          91  0.87005958734767619     
          92          93  0.86926693595380145     
          92          94  0.87088513098374554     
          95          96  0.87143625674366776     
          95          97  0.87162666541222333     
          98          99  0.87139619597252493     
          98         100  0.87006456617120931     
         101         102  0.86866089068024688     
         101         103  0.86898471687586343     
         104         105  0.86856484478579854     
         104         106  0.87064232693437282     
         107         108  0.87056791813748580     
         107         109  0.86864591136490832     
         110         111  0.86446587081419413     
         110         112  0.86625947244510071     
         113         114  0.86913046365410862     
         113         115  0.87007369920118760     
         116         117  0.86972541559628413     
         116         118  0.87008514664380909     
         119         120  0.85604044044729122     
         119         121  0.85756235364117472     
         122         123  0.86757241356333936     
         122         124  0.86978569915927506     
         125         126  0.85567693740820117     
         125         127  0.86651426096663375     
         128         129  0.86814033213454767     
         128         130  0.87000697186187714     
         131         132  0.87221191957997957     
         131         133  0.86297327860196371     
         134         135  0.86246790046633159     
         134         136  0.87304874430140034     
         137         138  0.87092729475461339     
         137         139  0.86882800783056069     
         140         141  0.86834539796525900     
         140         142  0.87040718669265682     
         143         144  0.86829494073030022     
         143         145  0.86942480134060096     
         146         147  0.86880219472263975     
         146         148  0.86958845472463109     
         149         150  0.86135074272132606     
         149         151  0.87435997475185201     
         152         153  0.86420946375783103     
         152         154  0.86646384937518539     
         155         156  0.87409817944575618     
         155         157  0.85317724670364892     
         158         159  0.86761612325404713     
         158         160  0.87081737381039870     
         161         162  0.86857194234104129     
         161         163  0.86776753418170227     
         164         165  0.87051097303835878     
         164         166  0.86927308701968387     
         167         168  0.86726671027650337     
         167         169  0.87054491885346286     
         170         171  0.86971134971694442     
         170         172  0.87057132278047178     
         173         174  0.86412411260358835     
         173         175  0.86541459912312613     
         176         177  0.86684858533910414     
         176         178  0.87048608156138330     
         179         180  0.87079011122352812     
         179         181  0.87416785788277007     
         182         183  0.86803062844066192     
         182         184  0.87086478031326886     
         185         186  0.86881071663854326     
         185         187  0.87110828238236726     
         188         189  0.86450068416903536     
         188         190  0.86521914911634190     
         191         192  0.87055980648784825     
         191         193  0.86760634567152639     
         194         195  0.86354811923962327     
         194         196  0.86492478533003658     
         197         198  0.86904395116576660     
         197         199  0.86930925452680685     
         200         201  0.86950483569829851     
         200         202  0.86981874325987374     
         203         204  0.87026370506372819     
         203         205  0.86929480654784208     
         206         207  0.86806982383970388     
         206         208  0.87101369002910101     
         209         210  0.87349909723006647     
         209         211  0.86075917473897312     
         212         213  0.87122285626006879     
         212         214  0.86840624261066957     
         215         216  0.86819493987535423     
         215         217  0.87026213195739099     
         218         219  0.87088034843889028     
         218         220  0.86862665886960166     
         221         222  0.87001690981762569     
         221         223  0.86880871511105595     
         224         225  0.87174397476018584     
         224         226  0.86847452893513721     
         227         228  0.86980716744807529     
         227         229  0.86954483595184651     
         230         231  0.86617641080318875     
         230         232  0.86387217917377956     
         233         234  0.86964389553723598     
         233         235  0.86959897250165108     
         236         237  0.87037905644959845     
         236         238  0.86798487262742063     
         239         240  0.86852061898417521     
         239         241  0.86989321729102986     
         242         243  0.86938881386226974     
         242         244  0.86912422662694677     
         245         246  0.86895931404602089     
         245         247  0.86941120026974261     
         248         249  0.87021801491678785     
         248         250  0.86897694741529574     
         251         252  0.86932123311279452     
         251         253  0.86867723734797264     
         254         255  0.87148605026436909     
         254         256  0.86823332606849823     
         257         258  0.87026320261676282     
         257         259  0.87045483816379743     
         260         261  0.87004295107357099     
         260         262  0.86862390657714572     
         263         264  0.86929134400635000     
         263         265  0.86924640681890131     
         266         267  0.87016957742400725     
         266         268  0.86859901895128955     
         269         270  0.86754589065407206     
         269         271  0.87158192611704521     
         272         273  0.86784843505108411     
         272         274  0.87067293110373289     
         275         276  0.87264005938704670     
         275         277  0.86646377706893740     
         278         279  0.85903333375827740     
         278         280  0.87460708254966169     
         281         282  0.86532904505012165     
         281         283  0.86652085093570241     
         284         285  0.87067767454893463     
         284         286  0.86937159421548915     
         287         288  0.86803396574023117     
         287         289  0.87193147100728385     
         290         291  0.87117732879371801     
         290         292  0.86818372387688569     
         293         294  0.86306683797189132     
         293         295  0.87473021914668692     
         296         297  0.86957882497836470     
         296         298  0.86995872775065353     
         299         300  0.87598472954483109     
         299         301  0.85721966670191552     
         302         303  0.86941593913071713     
         302         304  0.86972553510147577     
         305         306  0.86906213644647679     
         305         307  0.86982666630787864     
         308         309  0.87152897835432119     
         308         310  0.86855171721977342     
         311         312  0.86952785654285880     
         311         313  0.86927749602021986     
         314         315  0.86942308493811693     
         314         316  0.86950167197318073     
         317         318  0.86954043403591030     
         317         319  0.86983958763491431     
         320         321  0.87425812962434479     
         320         322  0.87262362377347347     
         323         324  0.86885152198108062     
         323         325  0.86897804176503635     
         326         327  0.86939420455824656     
         326         328  0.86940454542677492     
         329         330  0.86986554703545960     
         329         331  0.87001384884565525     
         332         333  0.86933484538529082     
         332         334  0.87012283555251080     
         335         336  0.86874801449588257     
         335         337  0.87005200250492376     
         338         339  0.86897217830398943     
         338         340  0.87033765053137746     
         341         342  0.86914099275749079     
         341         343  0.87044618020920761     
         344         345  0.87095779643325610     
         344         346  0.86907967347623549     
         347         348  0.86980948249907075     
         347         349  0.86965276130072622     
         350         351  0.86864975858685423     
         350         352  0.87090358000425794     
         353         354  0.86963389487726284     
         353         355  0.86976803691707527     
         356         357  0.86869697495819076     
         356         358  0.87005997275119129     
         359         360  0.87000464375780551     
         359         361  0.86931161117910538     
