   -0.11871280
    0.05464944
    0.12866016
    0.16788048
   -0.40491789
   -0.10976888
    0.06700726
   -0.24128283
   -0.44428218
    0.04765187
    0.03844153
    0.07261910
    0.03483546
    0.04835500
    1.03704027
   -0.11716810
    0.05406798
    0.12917456
    0.16584838
   -0.40773453
   -0.11119631
    0.06673350
   -0.24154023
   -0.44261732
    0.04514232
    0.03673122
    0.07220571
    0.03672466
    0.04124595
   -0.11874025
    0.04859451
    0.12809021
    0.16550040
   -0.38863063
   -0.10900518
    0.06316426
   -0.24986645
   -0.44541636
    0.04054475
    0.04345037
    0.06999436
    0.03625776
    0.04949051
   -0.72045945
    0.36233872
    0.35807276
   -0.72247465
    0.35948071
    0.36299392
   -0.72005694
    0.35768264
    0.36237351
   -0.70881279
    0.36276165
    0.36515583
   -0.72252631
    0.36162468
    0.36090148
   -0.69963617
    0.32722780
    0.35530439
   -0.71197743
    0.35733506
    0.35546361
   -0.70344889
    0.33034922
    0.35315836
   -0.72050285
    0.36098931
    0.35951298
   -0.71939817
    0.36057294
    0.35882464
   -0.72143115
    0.35919023
    0.36224083
   -0.70394027
    0.36408853
    0.36133570
   -0.68627761
    0.31454106
    0.35961916
   -0.70005333
    0.36319234
    0.35901892
   -0.71164228
    0.35775833
    0.35556215
   -0.70659512
    0.33094460
    0.35739622
   -0.72304071
    0.36157052
    0.36147027
   -0.72049628
    0.36147249
    0.35902239
   -0.71953817
    0.36128584
    0.35824776
   -0.72095763
    0.36130029
    0.35965667
   -0.72256128
    0.36238592
    0.36017448
   -0.72238400
    0.35987567
    0.36250811
   -0.68924800
    0.33047373
    0.32668789
   -0.72414464
    0.36076648
    0.36337817
   -0.72363677
    0.35886213
    0.36477462
   -0.72151781
    0.36291245
    0.35860538
   -0.70706933
    0.35638368
    0.33158087
   -0.72367473
    0.36396577
    0.35970896
   -0.71052075
    0.36459560
    0.36324282
   -0.70811504
    0.36358640
    0.36224349
   -0.70634421
    0.36446548
    0.36182118
   -0.70804978
    0.36424737
    0.36487739
   -0.70772361
    0.36105197
    0.36512186
   -0.72317423
    0.36188810
    0.36128611
   -0.70754148
    0.35402448
    0.33203323
   -0.70790151
    0.35940186
    0.36702770
   -0.72376201
    0.36158786
    0.36217412
   -0.72153759
    0.35923743
    0.36230013
   -0.72271517
    0.36262996
    0.36008519
   -0.72243218
    0.36290277
    0.35952942
   -0.72240853
    0.36326160
    0.35914693
   -0.71862107
    0.35957606
    0.35904496
   -0.72180598
    0.35916833
    0.36263765
   -0.71170100
    0.35692441
    0.35699525
   -0.70710432
    0.35504246
    0.33001116
   -0.72084503
    0.36099875
    0.35984623
   -0.70735039
    0.36205709
    0.36354761
   -0.70820742
    0.36373510
    0.36335654
   -0.72055381
    0.35785986
    0.36269396
   -0.72169088
    0.36096928
    0.36072155
   -0.71069559
    0.36287353
    0.36445592
   -0.72301511
    0.36023585
    0.36277925
   -0.72280297
    0.35968756
    0.36311543
   -0.72401474
    0.36113716
    0.36287745
   -0.72278423
    0.35924277
    0.36354147
   -0.72305334
    0.36325393
    0.35979940
   -0.72089740
    0.36103266
    0.35986474
   -0.72214644
    0.36007095
    0.36207547
   -0.72252532
    0.36085341
    0.36167191
   -0.72429160
    0.36145628
    0.36283529
   -0.71984340
    0.36091536
    0.35892804
   -0.72441183
    0.36319717
    0.36121464
   -0.72183039
    0.35883289
    0.36299750
   -0.70882539
    0.33215508
    0.35895546
   -0.71965637
    0.36111993
    0.35853647
   -0.70531978
    0.35189934
    0.33234540
   -0.70571663
    0.33310374
    0.35416263
   -0.72206905
    0.36237941
    0.35968962
   -0.72278679
    0.36133179
    0.36145499
   -0.70766098
    0.33115303
    0.35797985
   -0.72190129
    0.36021967
    0.36168162
   -0.72063060
    0.35862364
    0.36200694
   -0.72309555
    0.36118509
    0.36191045
   -0.72251016
    0.35809614
    0.36441405
   -0.71994782
    0.35990655
    0.36004130
   -0.72126555
    0.35783740
    0.36342814
   -0.72162900
    0.36096498
    0.36066399
   -0.72161735
    0.36296574
    0.35865161
   -0.72198893
    0.36140737
    0.36058158
   -0.72185540
    0.35976043
    0.36209499
   -0.72101115
    0.36203577
    0.35897538
   -0.72256222
    0.36151988
    0.36104233
   -0.72083923
    0.36300140
    0.35783780
   -0.72258003
    0.36008396
    0.36249604
   -0.72075084
    0.36152660
    0.35922425
   -0.72322419
    0.36333028
    0.35989391
   -0.72190643
    0.35990211
    0.36200431
   -0.72254247
    0.36069615
    0.36184631
   -0.72120371
    0.36102198
    0.36018174
   -0.70416757
    0.35347990
    0.33180343
   -0.72100926
    0.36288030
    0.35812895
   -0.72194561
    0.35877520
    0.36317040
   -0.70369683
    0.33307549
    0.35398748
   -0.72166651
    0.36231921
    0.35934729
   -0.72218434
    0.36015432
    0.36202999
   -0.72332417
    0.36110813
    0.36221602
   -0.72092607
    0.35884950
    0.36207656
   -0.72150522
    0.36079531
    0.36070992
   -0.72221814
    0.36028612
    0.36193200
   -0.72208650
    0.36366234
    0.35842412
   -0.72233427
    0.36203012
    0.36030412
