           1           2   1.0259349737066188     
           2           3   1.3941922898939578     
           3           4   1.0338000522430209     
           4           5   1.4469483343748213     
           4           6   1.2005532420700242     
           6           7   1.5693712355117808     
           2           8   1.0185107285578492     
           7           8   1.1367921747621030     
           2           9  0.14043440046739780     
           3           9   1.3466724960571177     
           1          10  0.97014341605691012     
           1          11  0.97208885690018709     
           1          12  0.97989345403273054     
           6          13  0.96713331384638845     
           7          14  0.95708577248430637     
           4          15  0.11608192065991761     
           5          15  0.42756029877510010     
           9          15  0.44149011615503531     
          16          17   1.0259535126932162     
          17          18   1.3927353706001124     
          15          19  0.12494846207991706     
          18          19   1.0330973469358939     
          15          20  0.43281043202010677     
          19          20   1.4389250771782431     
          19          21   1.2019154222500537     
          21          22   1.5663524243796454     
          17          23   1.0183123021027742     
          22          23   1.1331529834160383     
          15          24  0.44513137835647687     
          17          24  0.14007509966509704     
          18          24   1.3478811862883155     
          16          25  0.97126135618847087     
          16          26  0.97206187239482678     
          16          27  0.97978417702506626     
          21          28  0.96696033879734011     
          22          29  0.95953606928324309     
          30          31   1.0256707815470336     
          31          32   1.4000244763278293     
          15          33  0.12048442872633541     
          32          33   1.0283862550907688     
          15          34  0.44353049544800233     
          33          34   1.4699493064659737     
          33          35   1.1918690564152232     
          35          36   1.5797273488170744     
          31          37   1.0060051815128612     
          36          37   1.1226927473405910     
          15          38  0.44324544530501570     
          31          38  0.14396882799834332     
          32          38   1.3466745508985463     
          30          39  0.97240904029912834     
          30          40  0.96990808473620826     
          30          41  0.97984987660057676     
          35          42  0.96700295883568466     
          36          43  0.95633043228169612     
          44          45  0.86870094917329022     
          44          46  0.87174128792799388     
          47          48  0.87064893151271128     
          47          49  0.86810931624175469     
          50          51  0.87196793869473932     
          50          52  0.86859011625747462     
          53          54  0.86613199472653590     
          53          55  0.86369897836497789     
          56          57  0.86905912479174663     
          56          58  0.86958205911798592     
          59          60  0.86788796621352948     
          59          61  0.87361653024296770     
          62          63  0.87205831206668316     
          62          64  0.87336325316379271     
          65          66  0.86238006159742908     
          65          67  0.87519965663528898     
          68          69  0.86960503565537106     
          68          70  0.87066996433876387     
          71          72  0.86987034292284227     
          71          73  0.87112883918015771     
          74          75  0.87084436162942425     
          74          76  0.86864279261426225     
          77          78  0.86529905181734645     
          77          79  0.86698997302554048     
          80          81  0.88249689202225523     
          80          82  0.87054414266361546     
          83          84  0.86592730927260853     
          83          85  0.86919177220348243     
          86          87  0.87154683054509485     
          86          88  0.87308841817624194     
          89          90  0.86415674345655380     
          89          91  0.87213473062008118     
          92          93  0.86912124713394356     
          92          94  0.86919364755506079     
          95          96  0.86922714548603541     
          95          97  0.87099142975899402     
          98          99  0.86938863283771228     
          98         100  0.87157353075898802     
         101         102  0.86937342051659650     
         101         103  0.87055767073794399     
         104         105  0.86855389184604936     
         104         106  0.87015182947160863     
         107         108  0.87034692434742955     
         107         109  0.86844440041861426     
         110         111  0.86110238320822530     
         110         112  0.87033202679608845     
         113         114  0.86968346127330254     
         113         115  0.86779121312915031     
         116         117  0.87106651580312877     
         116         118  0.86679039084309406     
         119         120  0.86815797257577942     
         119         121  0.87126625101284416     
         122         123  0.87291426819364304     
         122         124  0.86262904213824920     
         125         126  0.86738162030450716     
         125         127  0.87045931209124605     
         128         129  0.86366708790128355     
         128         130  0.86579951665585286     
         131         132  0.86484209372906551     
         131         133  0.86603494625275190     
         134         135  0.86475384614203676     
         134         136  0.86648914335712668     
         137         138  0.86500855694808620     
         137         139  0.86442714406067600     
         140         141  0.86684034326232051     
         140         142  0.86396720918504766     
         143         144  0.86888892981876076     
         143         145  0.86932419308380249     
         146         147  0.87455492477717311     
         146         148  0.85928025512058748     
         149         150  0.86888597028888026     
         149         151  0.86261793039367507     
         152         153  0.86912611487934821     
         152         154  0.86870194553812807     
         155         156  0.87080852764452676     
         155         157  0.86859884487236694     
         158         159  0.86834672009587643     
         158         160  0.87018591499894471     
         161         162  0.86815322128528272     
         161         163  0.87059059627966950     
         164         165  0.86789894036339188     
         164         166  0.87087160464132884     
         167         168  0.87058516154451260     
         167         169  0.87096733157472173     
         170         171  0.87086289356726609     
         170         172  0.86835889761001683     
         173         174  0.87194650527547690     
         173         175  0.87188185801204943     
         176         177  0.87375766378892417     
         176         178  0.86011826702367677     
         179         180  0.86954504159131907     
         179         181  0.87037650681282019     
         182         183  0.86619668008183326     
         182         184  0.86504734393148719     
         185         186  0.86499404752741538     
         185         187  0.86559681776006892     
         188         189  0.87181075973333266     
         188         190  0.86832771145326093     
         191         192  0.86957619725655388     
         191         193  0.86975566606547638     
         194         195  0.86522554427504894     
         194         196  0.86404823442312551     
         197         198  0.87009172190070250     
         197         199  0.86825345232055973     
         200         201  0.87047492269614157     
         200         202  0.86799919771769718     
         203         204  0.86940989948089675     
         203         205  0.86814971976870559     
         206         207  0.87078553557147442     
         206         208  0.86767782655958658     
         209         210  0.86789757601754691     
         209         211  0.87039552483125138     
         212         213  0.86953412910876582     
         212         214  0.87037613812929493     
         215         216  0.87017812694187935     
         215         217  0.86873258491165717     
         218         219  0.86961514654373651     
         218         220  0.86902548203968755     
         221         222  0.86916684009607648     
         221         223  0.86816756697532638     
         224         225  0.86961908370680852     
         224         226  0.87105074235689517     
         227         228  0.86794036914915285     
         227         229  0.86937591776452527     
         230         231  0.87107692349985877     
         230         232  0.86807015645151597     
         233         234  0.86396929016792490     
         233         235  0.87107100718499364     
         236         237  0.86941200514973660     
         236         238  0.87127077880333503     
         239         240  0.87606571503923780     
         239         241  0.85960991233483652     
         242         243  0.86239238518013750     
         242         244  0.87447217631136831     
         245         246  0.86852080324061598     
         245         247  0.87046300912940011     
         248         249  0.86926448578132098     
         248         250  0.86917593657550651     
         251         252  0.86391606154324396     
         251         253  0.87174235889551133     
         254         255  0.87007040508275368     
         254         256  0.86901460888848647     
         257         258  0.87124635064971034     
         257         259  0.86881000050237467     
         260         261  0.86935934612110499     
         260         262  0.86883416897819021     
         263         264  0.87163402131084300     
         263         265  0.86707052284950537     
         266         267  0.87035768564363569     
         266         268  0.87025868739447187     
         269         270  0.87182622270777099     
         269         271  0.86779514047580453     
         272         273  0.86953047565376518     
         272         274  0.86974748464033813     
         275         276  0.86808225565780595     
         275         277  0.87119809514125568     
         278         279  0.86921735415315182     
         278         280  0.86981413329882729     
         281         282  0.87040817260427361     
         281         283  0.86872277343324478     
         284         285  0.86875649514009146     
         284         286  0.87096326476515284     
         287         288  0.86914118488218639     
         287         289  0.86948625485046260     
         290         291  0.86810028422254326     
         290         292  0.87182269521864120     
         293         294  0.87016935572807796     
         293         295  0.86842619226420459     
         296         297  0.86915723431401326     
         296         298  0.87081659166354997     
         299         300  0.86781774970399639     
         299         301  0.87030321593491644     
         302         303  0.87029947034010946     
         302         304  0.86878189768510228     
         305         306  0.86971929823781657     
         305         307  0.86888637650296374     
         308         309  0.86949482892605723     
         308         310  0.87009691703070757     
         311         312  0.87496411007444819     
         311         313  0.86284027780894834     
         314         315  0.86816990609134326     
         314         316  0.87159624358256638     
         317         318  0.87113459106251412     
         317         319  0.86796155482380721     
         320         321  0.86470093390906055     
         320         322  0.87460543660763568     
         323         324  0.86857249464165787     
         323         325  0.87071716455526882     
         326         327  0.87010326464039145     
         326         328  0.86874994957367613     
         329         330  0.86942768602175058     
         329         331  0.86862585290153771     
         332         333  0.87107483498254767     
         332         334  0.86874820379265993     
         335         336  0.86965137319289354     
         335         337  0.86971218939639838     
         338         339  0.87002576414429222     
         338         340  0.86883710156212623     
         341         342  0.86758169139117813     
         341         343  0.87136406568998759     
         344         345  0.86876632271572130     
         344         346  0.87001247243119317     
