$hessian                                                                        
        0.1107744815   0.0040419206   0.0019933443  -0.0045726656  -0.0008775640
       -0.0005891958   0.0008651278   0.0013897116  -0.0004477561  -0.0327868520
       -0.0059850971   0.0032396343  -0.0046297474   0.0002256281   0.0021427799
       -0.0093101784   0.0006369127   0.0142860310  -0.0025347209  -0.0000658591
        0.0051166829  -0.0075327744   0.0078579701  -0.0035653111   0.0012506906
        0.0000099206  -0.0004517083  -0.0256540037  -0.0019794288  -0.0008053283
       -0.0063355236  -0.0056133906  -0.0071693513  -0.0105767271  -0.0057255115
       -0.0112806517   0.0002111233   0.0021369327   0.0014376919   0.0000074494
       -0.0000776037   0.0000253290  -0.0039938503  -0.0019972100  -0.0017725346
        0.0011406762   0.0013945674   0.0007783738  -0.0040469996   0.0000609357
       -0.0001715625   0.0008402851   0.0004147396  -0.0004330362  -0.0031157908
        0.0041524258  -0.0023334310
        0.0040419206   0.0995780777   0.0001559515   0.0012013699  -0.0351356963
       -0.0009905531  -0.0002536510  -0.0046273994   0.0021561551  -0.0006669686
       -0.0035686649   0.0000681038  -0.0008393484   0.0013785439   0.0006260508
       -0.0003222297  -0.0033646665  -0.0018334421  -0.0009839711   0.0012283095
        0.0009643060   0.0102502519  -0.0285975148   0.0112064979   0.0000155332
       -0.0055130045   0.0021164943  -0.0078217027  -0.0062870342  -0.0004129002
       -0.0046843965   0.0015851390  -0.0015599522  -0.0007768467  -0.0111011513
       -0.0093987480  -0.0006870423  -0.0009046483  -0.0036116024  -0.0001004891
       -0.0000232802  -0.0000495738  -0.0036124302  -0.0004693155  -0.0009805983
        0.0001398001  -0.0045007046  -0.0030899840   0.0018305514   0.0008387943
        0.0008429875  -0.0002314706   0.0008564064   0.0017843748   0.0035011199
       -0.0013721903   0.0020064323
        0.0019933443   0.0001559515   0.0858188580   0.0001479171   0.0039669899
       -0.0040141445  -0.0003085495   0.0019815692   0.0002757309   0.0086547413
        0.0014136465  -0.0048090157   0.0031121594   0.0006386444  -0.0010433428
        0.0070536135  -0.0013126494  -0.0254513937   0.0040622696  -0.0006638532
       -0.0029964759  -0.0042231123   0.0090906395  -0.0088678088  -0.0000631773
        0.0008143004   0.0003770699  -0.0057901700  -0.0006077342  -0.0040047497
       -0.0078570576  -0.0022732536   0.0019539398  -0.0006621000  -0.0091044714
       -0.0275957227  -0.0027175330  -0.0007378104  -0.0043784893   0.0000731162
       -0.0000128971   0.0000103718  -0.0013139479  -0.0006432105   0.0009629785
        0.0003490428  -0.0036210377  -0.0002231489  -0.0010779528   0.0000954384
        0.0005041865  -0.0002828836  -0.0002689772  -0.0067769165  -0.0011497202
        0.0010887149   0.0002580733
       -0.0045726656   0.0012013699   0.0001479171   0.1344772371  -0.1715037463
       -0.0375457201  -0.0569237571   0.0900874920  -0.0865539301  -0.0011018928
        0.0028100178   0.0000230936   0.0004982088  -0.0007062493  -0.0002955923
        0.0005056079  -0.0008709794   0.0014325100   0.0002112174   0.0005026768
       -0.0006481830   0.0003187314  -0.0007801135   0.0005195624   0.0000011318
        0.0001998587   0.0000278025  -0.0010798911  -0.0019412680  -0.0001953512
        0.0000776936   0.0009231429   0.0004350745   0.0005141735  -0.0009006649
       -0.0011490728   0.0000749392  -0.0002743371  -0.0002757141   0.0000816682
       -0.0000055935   0.0000375121   0.0017483522  -0.0009154780   0.0001223262
       -0.0755992274   0.0818103371   0.1235729631   0.0011494097   0.0007554185
        0.0002055378  -0.0001464297  -0.0003075839   0.0001830013  -0.0002345071
       -0.0000842997  -0.0000437370
       -0.0008775640  -0.0351356963   0.0039669899  -0.1715037463   0.3183450814
       -0.0431673690   0.0943189916  -0.1665932971   0.1709804143   0.0140777408
        0.0008600282  -0.0009429076  -0.0005895810  -0.0000347336   0.0001142946
       -0.0043003242   0.0008313724   0.0132477548   0.0005288393   0.0001011922
       -0.0005758625   0.0054450624  -0.0114942225   0.0075126939   0.0001037752
        0.0004630200  -0.0001815399  -0.0090579068  -0.0023660304  -0.0004579058
        0.0012083882   0.0006224703   0.0001880832  -0.0089427526  -0.0092190526
       -0.0248121517   0.0003019221  -0.0000667870   0.0001174682   0.0000041849
        0.0000135167  -0.0000089286  -0.0002860522  -0.0000021330  -0.0000680009
        0.0795456926  -0.0966000259  -0.1251296793   0.0004980834   0.0002094746
       -0.0000799589  -0.0001904855  -0.0000273702  -0.0005014716  -0.0002842678
        0.0000931926  -0.0002019230
       -0.0005891958  -0.0009905531  -0.0040141445  -0.0375457201  -0.0431673690
        0.5989643469  -0.1064422739   0.1954081459  -0.2748007244   0.0011546362
       -0.0002465509   0.0006012642  -0.0005831861   0.0000952206   0.0002242563
        0.0004741066   0.0019514462  -0.0002571457   0.0000241157  -0.0000904755
       -0.0000484018   0.0006072097  -0.0010497217   0.0007544756   0.0000610306
        0.0001665923  -0.0000407206  -0.0005479831  -0.0002479849   0.0002978894
        0.0001294539   0.0002570184  -0.0000555611  -0.0008257592  -0.0018779560
       -0.0012349043   0.0002148240  -0.0000574262  -0.0001425815   0.0000166581
        0.0000434730  -0.0000034877   0.0002555835  -0.0000801402  -0.0005489598
        0.1435848232  -0.1499823883  -0.3196287111   0.0002207800   0.0001469297
       -0.0001494902  -0.0000772785  -0.0002555922   0.0001236246  -0.0001318249
       -0.0000226682  -0.0000410241
        0.0008651278  -0.0002536510  -0.0003085495  -0.0569237571   0.0943189916
       -0.1064422739   0.0522842519  -0.0853625351   0.0957337220   0.0001877934
       -0.0006039335   0.0003481812  -0.0002995258   0.0005191846  -0.0001685010
        0.0000002918   0.0002006834  -0.0000436799  -0.0002343843  -0.0001750975
        0.0001720403   0.0000100405   0.0000546181   0.0000909725   0.0000512996
       -0.0000168802  -0.0000561778   0.0002822297   0.0003838271   0.0001545016
       -0.0000143799  -0.0003271406  -0.0002154792  -0.0003287504  -0.0000266773
        0.0001162279  -0.0000068271   0.0001668177   0.0000996513  -0.0000155012
        0.0000323345  -0.0000266719  -0.0004416220   0.0002848723  -0.0004247040
        0.0053778148  -0.0083982702   0.0108985512  -0.0008010923  -0.0008785502
        0.0001081884   0.0000322167   0.0000345691  -0.0000035441  -0.0000252261
        0.0000468371  -0.0000324550
        0.0013897116  -0.0046273994   0.0019815692   0.0900874920  -0.1665932971
        0.1954081459  -0.0853625351   0.1615253195  -0.1880155217  -0.0005770513
        0.0003940089  -0.0004144499   0.0003587503  -0.0002950908   0.0001961307
       -0.0000752270  -0.0001231451  -0.0005686643   0.0000679968  -0.0000010580
        0.0001746631  -0.0001850134   0.0003085454  -0.0002551443  -0.0000310090
       -0.0000410440   0.0000997568   0.0004486491   0.0006273900  -0.0003836201
       -0.0003073514  -0.0004037220   0.0001031833   0.0002763978   0.0008669355
        0.0000887824  -0.0001970060   0.0000470440   0.0002334823   0.0000152479
       -0.0001383756   0.0000822012   0.0000902607  -0.0001695034   0.0001753116
       -0.0053007618   0.0090528046  -0.0091712913  -0.0006678526  -0.0007246396
        0.0002582002  -0.0000667795   0.0002154280  -0.0001030042   0.0000360808
        0.0000797990   0.0001102690
       -0.0004477561   0.0021561551   0.0002757309  -0.0865539301   0.1709804143
       -0.2748007244   0.0957337220  -0.1880155217   0.3056525577   0.0000801530
       -0.0001225656   0.0000352406   0.0002764662  -0.0001034727  -0.0000182634
        0.0000557490  -0.0000213842   0.0003923444  -0.0001463090   0.0000961427
       -0.0000502725   0.0001372957  -0.0001637249   0.0001606238   0.0000116671
        0.0000280677  -0.0000128683  -0.0001498781  -0.0001939063   0.0001259992
        0.0000369546  -0.0000504583  -0.0001770401   0.0000284392  -0.0002928299
       -0.0002642577  -0.0000146006  -0.0001201317  -0.0000459636  -0.0000146281
       -0.0000031816  -0.0000004486  -0.0000292418   0.0000882671  -0.0000338492
       -0.0089480209   0.0157939304  -0.0314908664  -0.0001113291   0.0000088739
        0.0001123319   0.0000727395  -0.0000613140   0.0001096911  -0.0000174924
       -0.0000033604   0.0000300347
       -0.0327868520  -0.0006669686   0.0086547413  -0.0011018928   0.0140777408
        0.0011546362   0.0001877934  -0.0005770513   0.0000801530   0.1958010668
        0.1629806341  -0.0983131656  -0.0775674832  -0.0304983615   0.1478658294
       -0.0038743597   0.0015263240   0.0109881991   0.0005688171   0.0000052100
       -0.0004037955   0.0039463331  -0.0107274313   0.0064362035   0.0000700754
        0.0005381238  -0.0001865027  -0.0103506244  -0.0021174495  -0.0005042424
        0.0015933316   0.0005932956   0.0000848249  -0.0090054619  -0.0084549950
       -0.0221787684   0.0003440242  -0.0000132551   0.0001495600  -0.0000322526
       -0.0000338885  -0.0000155803  -0.0676283341  -0.1260299307  -0.0527182323
        0.0000992576  -0.0003061154  -0.0002587644   0.0002862096   0.0000182267
       -0.0001581634  -0.0000511843  -0.0000001424  -0.0003923178  -0.0004984637
       -0.0003139659  -0.0002846145
       -0.0059850971  -0.0035686649   0.0014136465   0.0028100178   0.0008600282
       -0.0002465509  -0.0006039335   0.0003940089  -0.0001225656   0.1629806341
        0.3326568126   0.1435492973  -0.0209427270  -0.0306880419   0.0081258331
       -0.0004042633   0.0004716056   0.0015849383   0.0001483113  -0.0000010423
       -0.0000585151  -0.0013355129  -0.0029785356   0.0025987357   0.0003359614
        0.0001227326  -0.0001513697  -0.0015114239  -0.0003764302  -0.0001939987
        0.0000563451   0.0000119152   0.0002187051  -0.0015847582  -0.0005697522
       -0.0040970119   0.0001518933  -0.0001409398   0.0003128468  -0.0000411790
       -0.0001041045   0.0000292621  -0.1339663348  -0.2961768968  -0.1516798772
       -0.0003399886   0.0000489041   0.0000550548  -0.0000184516  -0.0001177830
        0.0000211140   0.0000727101  -0.0000920173   0.0000269787   0.0001777967
        0.0002482014  -0.0013865235
        0.0032396343   0.0000681038  -0.0048090157   0.0000230936  -0.0009429076
        0.0006012642   0.0003481812  -0.0004144499   0.0000352406  -0.0983131656
        0.1435492973   0.5250678848   0.1626400292   0.0353437070  -0.3912318542
        0.0007801490  -0.0000629990  -0.0005620814   0.0001556566   0.0001260423
       -0.0000804511   0.0006319906   0.0018204994  -0.0001821766  -0.0000669610
        0.0002129723  -0.0000567461   0.0005162692   0.0000473031   0.0000748982
        0.0000681616  -0.0000800314  -0.0000983564  -0.0011536596  -0.0002844931
        0.0012788860   0.0003758682   0.0004598224   0.0002814322  -0.0000093134
       -0.0000197703   0.0000198682  -0.0684490395  -0.1786743783  -0.1304608128
       -0.0002299460   0.0003103776   0.0000569939   0.0000191211   0.0000448697
       -0.0000197871  -0.0002395728  -0.0000377670   0.0003992475  -0.0003364967
       -0.0014661984  -0.0003144343
       -0.0046297474  -0.0008393484   0.0031121594   0.0004982088  -0.0005895810
       -0.0005831861  -0.0002995258   0.0003587503   0.0002764662  -0.0775674832
       -0.0209427270   0.1626400292   0.0744875978   0.0196007511  -0.1549704263
        0.0000409678  -0.0000917257  -0.0004714339  -0.0000363949  -0.0000186490
        0.0001016820  -0.0000133059   0.0001883977  -0.0006794775   0.0000088390
       -0.0000269744   0.0001867264   0.0004927569   0.0000493620  -0.0002008103
       -0.0003554439  -0.0000251686   0.0002167157   0.0013655669   0.0005130878
        0.0003571964  -0.0002114246  -0.0002912044  -0.0000861129  -0.0000456697
        0.0000409183  -0.0000138640   0.0062389202   0.0021541900  -0.0102011918
        0.0000628379  -0.0001013513  -0.0000645271  -0.0000799193  -0.0000271282
        0.0000438213   0.0000748196   0.0000471897  -0.0000469230  -0.0000316003
        0.0000012112   0.0003831562
        0.0002256281   0.0013785439   0.0006386444  -0.0007062493  -0.0000347336
        0.0000952206   0.0005191846  -0.0002950908  -0.0001034727  -0.0304983615
       -0.0306880419   0.0353437070   0.0196007511   0.0287080674  -0.0056048428
       -0.0001215620  -0.0001233965   0.0000019830   0.0000097332   0.0000262438
        0.0000124025   0.0002053237  -0.0000271089  -0.0004869237  -0.0001548504
       -0.0001644453   0.0001399383  -0.0000508443  -0.0000183567  -0.0000861040
       -0.0000241435   0.0000512506  -0.0000301993   0.0002423718  -0.0002884804
        0.0001442592  -0.0003368466   0.0001000551  -0.0001262265   0.0000776609
        0.0000641863   0.0000423718   0.0109854466   0.0015240354  -0.0308027746
        0.0000918383  -0.0000033209   0.0000244295   0.0000105528  -0.0000052775
        0.0000071371  -0.0000229662   0.0000214462   0.0000008122  -0.0000526675
       -0.0002255764   0.0007896380
        0.0021427799   0.0006260508  -0.0010433428  -0.0002955923   0.0001142946
        0.0002242563  -0.0001685010   0.0001961307  -0.0000182634   0.1478658294
        0.0081258331  -0.3912318542  -0.1549704263  -0.0056048428   0.4152273785
        0.0001192514   0.0001337868   0.0003168761  -0.0000752205  -0.0000178629
       -0.0000290612  -0.0001066600  -0.0000236736   0.0004075175   0.0000548653
       -0.0001432439  -0.0001082226  -0.0001065806   0.0000091343   0.0000088347
       -0.0000675436  -0.0000559844   0.0000188195  -0.0000632287   0.0001743197
       -0.0002425732  -0.0000637501  -0.0001015917   0.0001394808  -0.0000077319
       -0.0000360007  -0.0000025007   0.0054977365  -0.0036706002  -0.0232284414
       -0.0000658800   0.0001072090   0.0000231110   0.0000158353  -0.0000668917
       -0.0000008160  -0.0000384525  -0.0000091581   0.0001136001   0.0003332700
        0.0002430909  -0.0005747989
       -0.0093101784  -0.0003222297   0.0070536135   0.0005056079  -0.0043003242
        0.0004741066   0.0000002918  -0.0000752270   0.0000557490  -0.0038743597
       -0.0004042633   0.0007801490   0.0000409678  -0.0001215620   0.0001192514
        0.5507068217   0.0356592958   0.1204539823  -0.3895319295  -0.1602478919
        0.0257930851  -0.0021170747   0.0049230100  -0.0008524053  -0.0000730286
        0.0000613161   0.0000582621   0.0016126965  -0.0002083503  -0.0022284989
       -0.0006337634   0.0001091395   0.0002722040   0.0036633820   0.0032308889
        0.0080608525   0.0000334230  -0.0000776255  -0.0002143335   0.0000120511
        0.0000461471  -0.0000110447   0.0005004590   0.0002130775   0.0000468265
       -0.0008744441  -0.0002768302  -0.0001732353   0.0003131261  -0.0001071094
        0.0005099220  -0.1513054361   0.1222909109  -0.1600752865   0.0003313877
       -0.0003923721  -0.0001231997
        0.0006369127  -0.0033646665  -0.0013126494  -0.0008709794   0.0008313724
        0.0019514462   0.0002006834  -0.0001231451  -0.0000213842   0.0015263240
        0.0004716056  -0.0000629990  -0.0000917257  -0.0001233965   0.0001337868
        0.0356592958   0.2242404107  -0.1795351132  -0.1355498736  -0.0809319678
        0.0280930624   0.0028920934  -0.0032417547  -0.0010727117  -0.0003227172
        0.0007594295   0.0001716256  -0.0016277701   0.0007745612  -0.0014875909
        0.0002473557  -0.0000543492   0.0007024582  -0.0009405952  -0.0007174850
       -0.0034484521   0.0000780184  -0.0001538781   0.0001276509   0.0000479370
        0.0001440754  -0.0000641492   0.0001272048  -0.0000908270   0.0000200118
        0.0000462059  -0.0004262520  -0.0012860674  -0.0002119991  -0.0000499431
       -0.0003736178   0.0983688415  -0.1378451166   0.1574539417  -0.0002152123
       -0.0000986732   0.0000107512
        0.0142860310  -0.0018334421  -0.0254513937   0.0014325100   0.0132477548
       -0.0002571457  -0.0000436799  -0.0005686643   0.0003923444   0.0109881991
        0.0015849383  -0.0005620814  -0.0004714339   0.0000019830   0.0003168761
        0.1204539823  -0.1795351132   0.2745672558   0.0053459999   0.0211325753
       -0.0234108700   0.0049893416  -0.0098988031   0.0055392927  -0.0000920547
        0.0005079600  -0.0002728012  -0.0095981196  -0.0025436267  -0.0028992070
        0.0010835699   0.0005237980   0.0007008026  -0.0085813055  -0.0077609789
       -0.0227202110   0.0002475048  -0.0003025062   0.0002626822   0.0000178813
        0.0000561717  -0.0000309101  -0.0002133684  -0.0000504592  -0.0000756772
       -0.0005799865  -0.0010711868  -0.0004535167   0.0006169265   0.0000764424
        0.0000799105  -0.1395144576   0.1663444511  -0.2054765444  -0.0003675402
        0.0000887059  -0.0002488058
       -0.0025347209  -0.0009839711   0.0040622696   0.0002112174   0.0005288393
        0.0000241157  -0.0002343843   0.0000679968  -0.0001463090   0.0005688171
        0.0001483113   0.0001556566  -0.0000363949   0.0000097332  -0.0000752205
       -0.3895319295  -0.1355498736   0.0053459999   0.4175782522   0.1420574203
       -0.0046844891   0.0005378828  -0.0003695751  -0.0002193283  -0.0003544324
        0.0001667819   0.0002029299  -0.0009433053  -0.0000161278   0.0003333270
        0.0001312420  -0.0000471048   0.0004182675  -0.0001898095  -0.0000523892
       -0.0005106551   0.0000604290  -0.0000925823   0.0000559727   0.0000448000
        0.0000170038   0.0000267056   0.0000587852   0.0000949755  -0.0000818756
       -0.0001452488   0.0000106412  -0.0000021997  -0.0001414887   0.0003355677
       -0.0007070377  -0.0252871790  -0.0062382227  -0.0042116627   0.0002074676
       -0.0000874245   0.0000135334
       -0.0000658591   0.0012283095  -0.0006638532   0.0005026768   0.0001011922
       -0.0000904755  -0.0001750975  -0.0000010580   0.0000961427   0.0000052100
       -0.0000010423   0.0001260423  -0.0000186490   0.0000262438  -0.0000178629
       -0.1602478919  -0.0809319678   0.0211325753   0.1420574203   0.0741014713
       -0.0200931411  -0.0005605781   0.0001854070   0.0004159606   0.0004410259
       -0.0006306091  -0.0003105050   0.0001317038  -0.0014425726   0.0002228392
       -0.0000635088   0.0001671585  -0.0001935122   0.0001059341  -0.0002010321
        0.0002539351  -0.0000005007   0.0000628014  -0.0000946415  -0.0000099197
        0.0000843543  -0.0000324249   0.0000207749   0.0000432467  -0.0000582810
       -0.0006251277  -0.0004317603   0.0001425173   0.0004370560  -0.0000383031
        0.0006092211   0.0180494291   0.0077497806  -0.0013800418   0.0000159016
       -0.0000716198  -0.0000644945
        0.0051166829   0.0009643060  -0.0029964759  -0.0006481830  -0.0005758625
       -0.0000484018   0.0001720403   0.0001746631  -0.0000502725  -0.0004037955
       -0.0000585151  -0.0000804511   0.0001016820   0.0000124025  -0.0000290612
        0.0257930851   0.0280930624  -0.0234108700  -0.0046844891  -0.0200931411
        0.0243009910  -0.0004806912   0.0003049934  -0.0003477918   0.0002717510
       -0.0002689589   0.0001052199   0.0002777065   0.0009062698   0.0019068285
        0.0001753650  -0.0003668530  -0.0007461133  -0.0003015051  -0.0001541092
        0.0007280680  -0.0001584319   0.0002490038   0.0001285444  -0.0000126006
       -0.0000115419   0.0000054230  -0.0000313224  -0.0000210865   0.0000323963
        0.0003612285   0.0002349713   0.0001050347  -0.0006653221  -0.0001180252
       -0.0009661348  -0.0248659487  -0.0092592191   0.0012489252  -0.0000172516
       -0.0000123600   0.0001141412
       -0.0075327744   0.0102502519  -0.0042231123   0.0003187314   0.0054450624
        0.0006072097   0.0000100405  -0.0001850134   0.0001372957   0.0039463331
       -0.0013355129   0.0006319906  -0.0000133059   0.0002053237  -0.0001066600
       -0.0021170747   0.0028920934   0.0049893416   0.0005378828  -0.0005605781
       -0.0004806912   0.5494103734   0.0866092511  -0.0017627570  -0.0963313865
       -0.1560114450  -0.0366642197  -0.0034384666   0.0000907580  -0.0004380203
        0.0006632578  -0.0000493347   0.0003330690  -0.0025280469  -0.0024241218
       -0.0091050543  -0.0000683294  -0.0003060652   0.0000490100  -0.0000525011
       -0.0000324305  -0.0000155934  -0.0000800922   0.0002105843  -0.0001302166
        0.0000467724   0.0000044816  -0.0000829530   0.0000051492   0.0000623809
       -0.0000870736  -0.0004277873  -0.0009885802  -0.0006386514  -0.4423487756
        0.0561228945   0.0469870861
        0.0078579701  -0.0285975148   0.0090906395  -0.0007801135  -0.0114942225
       -0.0010497217   0.0000546181   0.0003085454  -0.0001637249  -0.0107274313
       -0.0029785356   0.0018204994   0.0001883977  -0.0000271089  -0.0000236736
        0.0049230100  -0.0032417547  -0.0098988031  -0.0003695751   0.0001854070
        0.0003049934   0.0866092511   0.4520311275   0.0828462308  -0.1254743662
       -0.3746313879  -0.0918676615   0.0072874460   0.0017218876   0.0001729879
       -0.0009247885  -0.0002967208   0.0001541311   0.0066057315   0.0072824700
        0.0186190228  -0.0001478735   0.0000277461   0.0002488914  -0.0000487145
       -0.0000368771   0.0000035577   0.0003981174   0.0003375607  -0.0000211267
        0.0000211971   0.0001977987   0.0001370409  -0.0004296945   0.0000675939
        0.0000091729  -0.0007224737   0.0000921065   0.0004625746   0.0256792919
       -0.0409481210  -0.0108450309
       -0.0035653111   0.0112064979  -0.0088678088   0.0005195624   0.0075126939
        0.0007544756   0.0000909725  -0.0002551443   0.0001606238   0.0064362035
        0.0025987357  -0.0001821766  -0.0006794775  -0.0004869237   0.0004075175
       -0.0008524053  -0.0010727117   0.0055392927  -0.0002193283   0.0004159606
       -0.0003477918  -0.0017627570   0.0828462308   0.0504526345  -0.0269368333
       -0.0875664109  -0.0254526294  -0.0045983142  -0.0007400163   0.0001794674
        0.0012243133  -0.0000535666   0.0002225138  -0.0055022882  -0.0020190280
       -0.0127726199   0.0001849720  -0.0001642979   0.0009773384  -0.0000105086
       -0.0000415934  -0.0000468183   0.0000058421   0.0001686594  -0.0003021435
       -0.0000032371   0.0000531609  -0.0001902913   0.0002561062   0.0000532252
       -0.0001487456  -0.0009236050   0.0007261737   0.0002708778   0.0363360938
       -0.0131816453  -0.0106537162
        0.0012506906   0.0000155332  -0.0000631773   0.0000011318   0.0001037752
        0.0000610306   0.0000512996  -0.0000310090   0.0000116671   0.0000700754
        0.0003359614  -0.0000669610   0.0000088390  -0.0001548504   0.0000548653
       -0.0000730286  -0.0003227172  -0.0000920547  -0.0003544324   0.0004410259
        0.0002717510  -0.0963313865  -0.1254743662  -0.0269368333   0.1160742729
        0.1592366773   0.0362953472  -0.0000807404   0.0000329186   0.0000840020
       -0.0003605519   0.0005840251  -0.0005957484  -0.0004051823  -0.0001202861
        0.0000418327   0.0001541694   0.0000789384  -0.0000770175  -0.0000297126
       -0.0000355402  -0.0000058269   0.0000797311   0.0000161476   0.0000296498
        0.0000590077   0.0000809548  -0.0000024598   0.0000373635  -0.0000362322
        0.0000601930   0.0001240835   0.0001245767   0.0001841081  -0.0202756299
       -0.0348755329  -0.0092543677
        0.0000099206  -0.0055130045   0.0008143004   0.0001998587   0.0004630200
        0.0001665923  -0.0000168802  -0.0000410440   0.0000280677   0.0005381238
        0.0001227326   0.0002129723  -0.0000269744  -0.0001644453  -0.0001432439
        0.0000613161   0.0007594295   0.0005079600   0.0001667819  -0.0006306091
       -0.0002689589  -0.1560114450  -0.3746313879  -0.0875664109   0.1592366773
        0.3786137447   0.0866575703  -0.0000762130  -0.0005737465   0.0004799438
        0.0005368941  -0.0005339157   0.0001659320  -0.0001797534   0.0005809619
       -0.0009959420   0.0000843486  -0.0000965418   0.0000874725   0.0000030726
        0.0000193329  -0.0000179980   0.0000969340   0.0001784365   0.0000647168
       -0.0000253198   0.0000545747  -0.0000448314  -0.0001305549   0.0001536797
       -0.0000690602  -0.0001877545  -0.0005714171  -0.0002782263  -0.0042790323
        0.0018101995   0.0001991434
       -0.0004517083   0.0021164943   0.0003770699   0.0000278025  -0.0001815399
       -0.0000407206  -0.0000561778   0.0000997568  -0.0000128683  -0.0001865027
       -0.0001513697  -0.0000567461   0.0001867264   0.0001399383  -0.0001082226
        0.0000582621   0.0001716256  -0.0002728012   0.0002029299  -0.0003105050
        0.0001052199  -0.0366642197  -0.0918676615  -0.0254526294   0.0362953472
        0.0866575703   0.0245654145   0.0001317276   0.0002623370  -0.0003499591
       -0.0005902018   0.0004276946  -0.0002338554   0.0004654220  -0.0006221437
        0.0008134436  -0.0001896060   0.0004374825  -0.0009249497  -0.0000165646
        0.0000010017   0.0000146157  -0.0000082169  -0.0000244874  -0.0000135435
        0.0000126998   0.0000304631   0.0000056715  -0.0000407445  -0.0000600090
        0.0000684668  -0.0001258981  -0.0004257911  -0.0002380970   0.0009489229
        0.0032991433   0.0017544911
       -0.0256540037  -0.0078217027  -0.0057901700  -0.0010798911  -0.0090579068
       -0.0005479831   0.0002822297   0.0004486491  -0.0001498781  -0.0103506244
       -0.0015114239   0.0005162692   0.0004927569  -0.0000508443  -0.0001065806
        0.0016126965  -0.0016277701  -0.0095981196  -0.0009433053   0.0001317038
        0.0002777065  -0.0034384666   0.0072874460  -0.0045983142  -0.0000807404
       -0.0000762130   0.0001317276   0.3076629084  -0.2611095705  -0.0427009033
       -0.0664391809   0.0525211555   0.1165542024  -0.0046485975   0.0090346445
        0.0283005100  -0.0035504806  -0.0009509707   0.0014152708   0.0000157763
       -0.0000025137   0.0000026589   0.0002884207   0.0000121007   0.0002055631
        0.0003086490   0.0004634736   0.0002628649  -0.1952419929   0.2126606204
       -0.0851927599   0.0002147194  -0.0000475961   0.0007051089   0.0005491265
       -0.0003032819   0.0003128264
       -0.0019794288  -0.0062870342  -0.0006077342  -0.0019412680  -0.0023660304
       -0.0002479849   0.0003838271   0.0006273900  -0.0001939063  -0.0021174495
       -0.0003764302   0.0000473031   0.0000493620  -0.0000183567   0.0000091343
       -0.0002083503   0.0007745612  -0.0025436267  -0.0000161278  -0.0014425726
        0.0009062698   0.0000907580   0.0017218876  -0.0007400163   0.0000329186
       -0.0005737465   0.0002623370  -0.2611095705   0.2986731990   0.0023270136
        0.0518131495  -0.0581885272  -0.0948200390   0.0048009483   0.0044928196
       -0.0008663558   0.0003902387   0.0009732765   0.0004069278   0.0000277789
        0.0000435837   0.0000111804   0.0000568885   0.0000405720  -0.0000017039
        0.0003899632   0.0006779263   0.0003656364   0.2091854063  -0.2387128930
        0.0958587871  -0.0000693923   0.0000575685  -0.0002157387   0.0002203482
       -0.0001171935   0.0000425163
       -0.0008053283  -0.0004129002  -0.0040047497  -0.0001953512  -0.0004579058
        0.0002978894   0.0001545016  -0.0003836201   0.0001259992  -0.0005042424
       -0.0001939987   0.0000748982  -0.0002008103  -0.0000861040   0.0000088347
       -0.0022284989  -0.0014875909  -0.0028992070   0.0003333270   0.0002228392
        0.0019068285  -0.0004380203   0.0001729879   0.0001794674   0.0000840020
        0.0004799438  -0.0003499591  -0.0427009033   0.0023270136   0.3712848540
        0.0911061419  -0.0719183186  -0.2875123611   0.0166871449  -0.0048638610
       -0.0094934044   0.0035508711   0.0021672714  -0.0016630672  -0.0000033216
       -0.0000105639   0.0000049411  -0.0000703539   0.0000901234   0.0000138556
        0.0001636715   0.0002225228  -0.0000838877  -0.0647496283   0.0737700866
       -0.0677556685   0.0002181152   0.0002667720  -0.0000279088  -0.0004013167
        0.0000953026  -0.0001073545
       -0.0063355236  -0.0046843965  -0.0078570576   0.0000776936   0.0012083882
        0.0001294539  -0.0000143799  -0.0003073514   0.0000369546   0.0015933316
        0.0000563451   0.0000681616  -0.0003554439  -0.0000241435  -0.0000675436
       -0.0006337634   0.0002473557   0.0010835699   0.0001312420  -0.0000635088
        0.0001753650   0.0006632578  -0.0009247885   0.0012243133  -0.0003605519
        0.0005368941  -0.0005902018  -0.0664391809   0.0518131495   0.0911061419
        0.0782407395  -0.0606035884  -0.1019489283   0.0025080562  -0.0019141007
       -0.0035639890   0.0029056237   0.0027963040   0.0001073385   0.0000337987
        0.0000094573   0.0000066398  -0.0002393154   0.0000976027  -0.0000404340
       -0.0000544736  -0.0002167441  -0.0000871262  -0.0113312670   0.0118031361
        0.0210265239  -0.0000635142   0.0000167994  -0.0005007988  -0.0003263292
        0.0001531899  -0.0003083829
       -0.0056133906   0.0015851390  -0.0022732536   0.0009231429   0.0006224703
        0.0002570184  -0.0003271406  -0.0004037220  -0.0000504583   0.0005932956
        0.0000119152  -0.0000800314  -0.0000251686   0.0000512506  -0.0000559844
        0.0001091395  -0.0000543492   0.0005237980  -0.0000471048   0.0001671585
       -0.0003668530  -0.0000493347  -0.0002967208  -0.0000535666   0.0005840251
       -0.0005339157   0.0004276946   0.0525211555  -0.0581885272  -0.0719183186
       -0.0606035884   0.0745936515   0.0960547793  -0.0024781447  -0.0054694998
        0.0024673471   0.0004883612  -0.0008160329  -0.0008672877  -0.0000045454
       -0.0000166180   0.0000026102  -0.0000797452  -0.0000416099  -0.0000644173
       -0.0003216542  -0.0002143933  -0.0001489102   0.0142330029  -0.0110007384
       -0.0240770176   0.0000900279  -0.0000935042   0.0001820390   0.0000076665
        0.0000980461   0.0000408118
       -0.0071693513  -0.0015599522   0.0019539398   0.0004350745   0.0001880832
       -0.0000555611  -0.0002154792   0.0001031833  -0.0001770401   0.0000848249
        0.0002187051  -0.0000983564   0.0002167157  -0.0000301993   0.0000188195
        0.0002722040   0.0007024582   0.0007008026   0.0004182675  -0.0001935122
       -0.0007461133   0.0003330690   0.0001541311   0.0002225138  -0.0005957484
        0.0001659320  -0.0002338554   0.1165542024  -0.0948200390  -0.2875123611
       -0.1019489283   0.0960547793   0.2763361049  -0.0072868679   0.0044506837
       -0.0000656621  -0.0032863994  -0.0036874703   0.0000146740   0.0000323761
       -0.0000459087   0.0000156867   0.0000615001  -0.0001270512  -0.0000342349
       -0.0001178423  -0.0000324736   0.0000038482   0.0019040353  -0.0010491541
        0.0096399329  -0.0000372047  -0.0003229287   0.0000880285   0.0003455520
       -0.0001692667  -0.0000711664
       -0.0105767271  -0.0007768467  -0.0006621000   0.0005141735  -0.0089427526
       -0.0008257592  -0.0003287504   0.0002763978   0.0000284392  -0.0090054619
       -0.0015847582  -0.0011536596   0.0013655669   0.0002423718  -0.0000632287
        0.0036633820  -0.0009405952  -0.0085813055  -0.0001898095   0.0001059341
       -0.0003015051  -0.0025280469   0.0066057315  -0.0055022882  -0.0004051823
       -0.0001797534   0.0004654220  -0.0046485975   0.0048009483   0.0166871449
        0.0025080562  -0.0024781447  -0.0072868679   0.1350954929  -0.1373011419
       -0.1438440233  -0.1174250346   0.1414695256   0.1495630677  -0.0000346990
        0.0000445748  -0.0000067534   0.0003473495   0.0000094461   0.0003626917
       -0.0001676664   0.0000208227   0.0000845810   0.0010784315  -0.0008028122
       -0.0000933302   0.0000902773  -0.0001073530   0.0004341835   0.0006472458
       -0.0004615948   0.0006952910
       -0.0057255115  -0.0111011513  -0.0091044714  -0.0009006649  -0.0092190526
       -0.0018779560  -0.0000266773   0.0008669355  -0.0002928299  -0.0084549950
       -0.0005697522  -0.0002844931   0.0005130878  -0.0002884804   0.0001743197
        0.0032308889  -0.0007174850  -0.0077609789  -0.0000523892  -0.0002010321
       -0.0001541092  -0.0024241218   0.0072824700  -0.0020190280  -0.0001202861
        0.0005809619  -0.0006221437   0.0090346445   0.0044928196  -0.0048638610
       -0.0019141007  -0.0054694998   0.0044506837  -0.1373011419   0.2025885154
        0.2166719566   0.1443044974  -0.1878680831  -0.1945461881  -0.0000103931
       -0.0000067212   0.0000523149   0.0003404937   0.0000592828   0.0003378476
        0.0001729822  -0.0000845446   0.0001362813  -0.0006730215  -0.0001665789
       -0.0001165901   0.0000623466  -0.0001179811   0.0001228356  -0.0000556381
       -0.0000606230  -0.0003035900
       -0.0112806517  -0.0093987480  -0.0275957227  -0.0011490728  -0.0248121517
       -0.0012349043   0.0001162279   0.0000887824  -0.0002642577  -0.0221787684
       -0.0040970119   0.0012788860   0.0003571964   0.0001442592  -0.0002425732
        0.0080608525  -0.0034484521  -0.0227202110  -0.0005106551   0.0002539351
        0.0007280680  -0.0091050543   0.0186190228  -0.0127726199   0.0000418327
       -0.0009959420   0.0008134436   0.0283005100  -0.0008663558  -0.0094934044
       -0.0035639890   0.0024673471  -0.0000656621  -0.1438440233   0.2166719566
        0.2758515347   0.1539527866  -0.1958624631  -0.2060791179  -0.0000281732
       -0.0000104439   0.0000662738   0.0003561478   0.0004661362   0.0004004613
       -0.0000777794   0.0006218757   0.0005979413  -0.0003367346   0.0000538726
       -0.0006066846   0.0002612465   0.0001992933   0.0007424850   0.0006281014
       -0.0000949127   0.0005960639
        0.0002111233  -0.0006870423  -0.0027175330   0.0000749392   0.0003019221
        0.0002148240  -0.0000068271  -0.0001970060  -0.0000146006   0.0003440242
        0.0001518933   0.0003758682  -0.0002114246  -0.0003368466  -0.0000637501
        0.0000334230   0.0000780184   0.0002475048   0.0000604290  -0.0000005007
       -0.0001584319  -0.0000683294  -0.0001478735   0.0001849720   0.0001541694
        0.0000843486  -0.0001896060  -0.0035504806   0.0003902387   0.0035508711
        0.0029056237   0.0004883612  -0.0032863994  -0.1174250346   0.1443044974
        0.1539527866   0.1175468688  -0.1445569994  -0.1519151076  -0.0000648729
       -0.0000416758  -0.0000249648  -0.0000819784   0.0000193418  -0.0001022338
       -0.0000345819  -0.0000294967  -0.0000460837   0.0002127183   0.0000807036
        0.0002257629   0.0000375672  -0.0000334363   0.0000022602  -0.0001373565
        0.0001315520  -0.0002361390
        0.0021369327  -0.0009046483  -0.0007378104  -0.0002743371  -0.0000667870
       -0.0000574262   0.0001668177   0.0000470440  -0.0001201317  -0.0000132551
       -0.0001409398   0.0004598224  -0.0002912044   0.0001000551  -0.0001015917
       -0.0000776255  -0.0001538781  -0.0003025062  -0.0000925823   0.0000628014
        0.0002490038  -0.0003060652   0.0000277461  -0.0001642979   0.0000789384
       -0.0000965418   0.0004374825  -0.0009509707   0.0009732765   0.0021672714
        0.0027963040  -0.0008160329  -0.0036874703   0.1414695256  -0.1878680831
       -0.1958624631  -0.1445569994   0.1883950997   0.1974388688  -0.0000305278
       -0.0000203071  -0.0000407539   0.0000436829   0.0000607182  -0.0000005575
        0.0000613352   0.0000829578   0.0001397162  -0.0003658514   0.0001657044
        0.0000840236   0.0000628476   0.0001036703   0.0000196265   0.0001430348
        0.0000481446   0.0000791935
        0.0014376919  -0.0036116024  -0.0043784893  -0.0002757141   0.0001174682
       -0.0001425815   0.0000996513   0.0002334823  -0.0000459636   0.0001495600
        0.0003128468   0.0002814322  -0.0000861129  -0.0001262265   0.0001394808
       -0.0002143335   0.0001276509   0.0002626822   0.0000559727  -0.0000946415
        0.0001285444   0.0000490100   0.0002488914   0.0009773384  -0.0000770175
        0.0000874725  -0.0009249497   0.0014152708   0.0004069278  -0.0016630672
        0.0001073385  -0.0008672877   0.0000146740   0.1495630677  -0.1945461881
       -0.2060791179  -0.1519151076   0.1974388688   0.2118237114  -0.0000542970
       -0.0000118427  -0.0000272460   0.0000785512   0.0001009414   0.0000252372
        0.0001255572   0.0000589693   0.0000977000  -0.0004192384   0.0001226413
        0.0000270566   0.0000210669   0.0000180932  -0.0001048759  -0.0000609172
       -0.0000164652  -0.0004115662
        0.0000074494  -0.0001004891   0.0000731162   0.0000816682   0.0000041849
        0.0000166581  -0.0000155012   0.0000152479  -0.0000146281  -0.0000322526
       -0.0000411790  -0.0000093134  -0.0000456697   0.0000776609  -0.0000077319
        0.0000120511   0.0000479370   0.0000178813   0.0000448000  -0.0000099197
       -0.0000126006  -0.0000525011  -0.0000487145  -0.0000105086  -0.0000297126
        0.0000030726  -0.0000165646   0.0000157763   0.0000277789  -0.0000033216
        0.0000337987  -0.0000045454   0.0000323761  -0.0000346990  -0.0000103931
       -0.0000281732  -0.0000648729  -0.0000305278  -0.0000542970   0.0000424813
        0.0000094181   0.0000135087   0.0000157767   0.0000435308  -0.0000141099
       -0.0000099326  -0.0000503406   0.0000026675  -0.0000457586   0.0000306155
       -0.0000404311   0.0000302698   0.0000263759   0.0000345511   0.0000468287
        0.0000102868   0.0000209211
       -0.0000776037  -0.0000232802  -0.0000128971  -0.0000055935   0.0000135167
        0.0000434730   0.0000323345  -0.0001383756  -0.0000031816  -0.0000338885
       -0.0001041045  -0.0000197703   0.0000409183   0.0000641863  -0.0000360007
        0.0000461471   0.0001440754   0.0000561717   0.0000170038   0.0000843543
       -0.0000115419  -0.0000324305  -0.0000368771  -0.0000415934  -0.0000355402
        0.0000193329   0.0000010017  -0.0000025137   0.0000435837  -0.0000105639
        0.0000094573  -0.0000166180  -0.0000459087   0.0000445748  -0.0000067212
       -0.0000104439  -0.0000416758  -0.0000203071  -0.0000118427   0.0000094181
        0.0000584266  -0.0000146423   0.0000246732  -0.0000203372   0.0000131981
       -0.0000340437  -0.0001306848  -0.0000003142   0.0000098579  -0.0000389464
        0.0000275992   0.0000130781   0.0000149051  -0.0000105950   0.0000158264
        0.0000938712   0.0000878521
        0.0000253290  -0.0000495738   0.0000103718   0.0000375121  -0.0000089286
       -0.0000034877  -0.0000266719   0.0000822012  -0.0000004486  -0.0000155803
        0.0000292621   0.0000198682  -0.0000138640   0.0000423718  -0.0000025007
       -0.0000110447  -0.0000641492  -0.0000309101   0.0000267056  -0.0000324249
        0.0000054230  -0.0000155934   0.0000035577  -0.0000468183  -0.0000058269
       -0.0000179980   0.0000146157   0.0000026589   0.0000111804   0.0000049411
        0.0000066398   0.0000026102   0.0000156867  -0.0000067534   0.0000523149
        0.0000662738  -0.0000249648  -0.0000407539  -0.0000272460   0.0000135087
       -0.0000146423   0.0000258711  -0.0000242507  -0.0000043656  -0.0000252353
        0.0000250801   0.0000135994  -0.0000253887  -0.0000222664   0.0000179202
       -0.0000224451  -0.0000010045   0.0000182244   0.0000230607   0.0000303868
       -0.0000404062  -0.0000016315
       -0.0039938503  -0.0036124302  -0.0013139479   0.0017483522  -0.0002860522
        0.0002555835  -0.0004416220   0.0000902607  -0.0000292418  -0.0676283341
       -0.1339663348  -0.0684490395   0.0062389202   0.0109854466   0.0054977365
        0.0005004590   0.0001272048  -0.0002133684   0.0000587852   0.0000207749
       -0.0000313224  -0.0000800922   0.0003981174   0.0000058421   0.0000797311
        0.0000969340  -0.0000082169   0.0002884207   0.0000568885  -0.0000703539
       -0.0002393154  -0.0000797452   0.0000615001   0.0003473495   0.0003404937
        0.0003561478  -0.0000819784   0.0000436829   0.0000785512   0.0000157767
        0.0000246732  -0.0000242507   0.0644983121   0.1258203520   0.0638517320
       -0.0009397071   0.0002945626  -0.0001255424  -0.0000443741  -0.0000353588
       -0.0000157083  -0.0002804230  -0.0001799154   0.0002831879  -0.0000464100
       -0.0001395547  -0.0001092889
       -0.0019972100  -0.0004693155  -0.0006432105  -0.0009154780  -0.0000021330
       -0.0000801402   0.0002848723  -0.0001695034   0.0000882671  -0.1260299307
       -0.2961768968  -0.1786743783   0.0021541900   0.0015240354  -0.0036706002
        0.0002130775  -0.0000908270  -0.0000504592   0.0000949755   0.0000432467
       -0.0000210865   0.0002105843   0.0003375607   0.0001686594   0.0000161476
        0.0001784365  -0.0000244874   0.0000121007   0.0000405720   0.0000901234
        0.0000976027  -0.0000416099  -0.0001270512   0.0000094461   0.0000592828
        0.0004661362   0.0000193418   0.0000607182   0.0001009414   0.0000435308
       -0.0000203372  -0.0000043656   0.1258203520   0.2956775197   0.1827006724
        0.0004267503  -0.0000395394  -0.0001132250  -0.0000289544   0.0000267193
       -0.0000129620  -0.0002393834  -0.0000639127   0.0001171528  -0.0001920149
       -0.0008740164  -0.0003099867
       -0.0017725346  -0.0009805983   0.0009629785   0.0001223262  -0.0000680009
       -0.0005489598  -0.0004247040   0.0001753116  -0.0000338492  -0.0527182323
       -0.1516798772  -0.1304608128  -0.0102011918  -0.0308027746  -0.0232284414
        0.0000468265   0.0000200118  -0.0000756772  -0.0000818756  -0.0000582810
        0.0000323963  -0.0001302166  -0.0000211267  -0.0003021435   0.0000296498
        0.0000647168  -0.0000135435   0.0002055631  -0.0000017039   0.0000138556
       -0.0000404340  -0.0000644173  -0.0000342349   0.0003626917   0.0003378476
        0.0004004613  -0.0001022338  -0.0000005575   0.0000252372  -0.0000141099
        0.0000131981  -0.0000252353   0.0638517320   0.1827006724   0.1537335036
        0.0003998230  -0.0004373624  -0.0000541336  -0.0000274725   0.0000403576
       -0.0000027122   0.0005535229   0.0003700919  -0.0005891784  -0.0000591301
        0.0003924919   0.0002004893
        0.0011406762   0.0001398001   0.0003490428  -0.0755992274   0.0795456926
        0.1435848232   0.0053778148  -0.0053007618  -0.0089480209   0.0000992576
       -0.0003399886  -0.0002299460   0.0000628379   0.0000918383  -0.0000658800
       -0.0008744441   0.0000462059  -0.0005799865  -0.0001452488  -0.0006251277
        0.0003612285   0.0000467724   0.0000211971  -0.0000032371   0.0000590077
       -0.0000253198   0.0000126998   0.0003086490   0.0003899632   0.0001636715
       -0.0000544736  -0.0003216542  -0.0001178423  -0.0001676664   0.0001729822
       -0.0000777794  -0.0000345819   0.0000613352   0.0001255572  -0.0000099326
       -0.0000340437   0.0000250801  -0.0009397071   0.0004267503   0.0003998230
        0.0713741909  -0.0741935487  -0.1345306630  -0.0007773062  -0.0005696026
       -0.0003561562   0.0001539529   0.0004161953  -0.0001657740  -0.0000205711
        0.0000980868   0.0000533593
        0.0013945674  -0.0045007046  -0.0036210377   0.0818103371  -0.0966000259
       -0.1499823883  -0.0083982702   0.0090528046   0.0157939304  -0.0003061154
        0.0000489041   0.0003103776  -0.0001013513  -0.0000033209   0.0001072090
       -0.0002768302  -0.0004262520  -0.0010711868   0.0000106412  -0.0004317603
        0.0002349713   0.0000044816   0.0001977987   0.0000531609   0.0000809548
        0.0000545747   0.0000304631   0.0004634736   0.0006779263   0.0002225228
       -0.0002167441  -0.0002143933  -0.0000324736   0.0000208227  -0.0000845446
        0.0006218757  -0.0000294967   0.0000829578   0.0000589693  -0.0000503406
       -0.0001306848   0.0000135994   0.0002945626  -0.0000395394  -0.0004373624
       -0.0741935487   0.0929323936   0.1379308006  -0.0004368142  -0.0004869001
       -0.0002837322  -0.0000661849  -0.0001052386   0.0000902701  -0.0000041446
       -0.0000239955  -0.0000399693
        0.0007783738  -0.0030899840  -0.0002231489   0.1235729631  -0.1251296793
       -0.3196287111   0.0108985512  -0.0091712913  -0.0314908664  -0.0002587644
        0.0000550548   0.0000569939  -0.0000645271   0.0000244295   0.0000231110
       -0.0001732353  -0.0012860674  -0.0004535167  -0.0000021997   0.0001425173
        0.0001050347  -0.0000829530   0.0001370409  -0.0001902913  -0.0000024598
       -0.0000448314   0.0000056715   0.0002628649   0.0003656364  -0.0000838877
       -0.0000871262  -0.0001489102   0.0000038482   0.0000845810   0.0001362813
        0.0005979413  -0.0000460837   0.0001397162   0.0000977000   0.0000026675
       -0.0000003142  -0.0000253887  -0.0001255424  -0.0001132250  -0.0000541336
       -0.1345306630   0.1379308006   0.3515024524  -0.0002293938  -0.0003174222
       -0.0000907332  -0.0000206013   0.0002601660  -0.0001639744   0.0000235484
        0.0001100822   0.0000118990
       -0.0040469996   0.0018305514  -0.0010779528   0.0011494097   0.0004980834
        0.0002207800  -0.0008010923  -0.0006678526  -0.0001113291   0.0002862096
       -0.0000184516   0.0000191211  -0.0000799193   0.0000105528   0.0000158353
        0.0003131261  -0.0002119991   0.0006169265  -0.0001414887   0.0004370560
       -0.0006653221   0.0000051492  -0.0004296945   0.0002561062   0.0000373635
       -0.0001305549  -0.0000407445  -0.1952419929   0.2091854063  -0.0647496283
       -0.0113312670   0.0142330029   0.0019040353   0.0010784315  -0.0006730215
       -0.0003367346   0.0002127183  -0.0003658514  -0.0004192384  -0.0000457586
        0.0000098579  -0.0000222664  -0.0000443741  -0.0000289544  -0.0000274725
       -0.0007773062  -0.0004368142  -0.0002293938   0.2093447846  -0.2231847398
        0.0645732184   0.0000866333  -0.0000993563   0.0001276846  -0.0000036273
        0.0000427798  -0.0000536247
        0.0000609357   0.0008387943   0.0000954384   0.0007554185   0.0002094746
        0.0001469297  -0.0008785502  -0.0007246396   0.0000088739   0.0000182267
       -0.0001177830   0.0000448697  -0.0000271282  -0.0000052775  -0.0000668917
       -0.0001071094  -0.0000499431   0.0000764424   0.0003355677  -0.0000383031
       -0.0001180252   0.0000623809   0.0000675939   0.0000532252  -0.0000362322
        0.0001536797  -0.0000600090   0.2126606204  -0.2387128930   0.0737700866
        0.0118031361  -0.0110007384  -0.0010491541  -0.0008028122  -0.0001665789
        0.0000538726   0.0000807036   0.0001657044   0.0001226413   0.0000306155
       -0.0000389464   0.0000179202  -0.0000353588   0.0000267193   0.0000403576
       -0.0005696026  -0.0004869001  -0.0003174222  -0.2231847398   0.2498419029
       -0.0726671571   0.0000068842  -0.0000325379  -0.0001330050  -0.0001729560
        0.0000706720  -0.0000189934
       -0.0001715625   0.0008429875   0.0005041865   0.0002055378  -0.0000799589
       -0.0001494902   0.0001081884   0.0002582002   0.0001123319  -0.0001581634
        0.0000211140  -0.0000197871   0.0000438213   0.0000071371  -0.0000008160
        0.0005099220  -0.0003736178   0.0000799105  -0.0007070377   0.0006092211
       -0.0009661348  -0.0000870736   0.0000091729  -0.0001487456   0.0000601930
       -0.0000690602   0.0000684668  -0.0851927599   0.0958587871  -0.0677556685
        0.0210265239  -0.0240770176   0.0096399329  -0.0000933302  -0.0001165901
       -0.0006066846   0.0002257629   0.0000840236   0.0000270566  -0.0000404311
        0.0000275992  -0.0000224451  -0.0000157083  -0.0000129620  -0.0000027122
       -0.0003561562  -0.0002837322  -0.0000907332   0.0645732184  -0.0726671571
        0.0592203219   0.0000043679  -0.0000349929   0.0000831172   0.0000646874
       -0.0000031540   0.0000278930
        0.0008402851  -0.0002314706  -0.0002828836  -0.0001464297  -0.0001904855
       -0.0000772785   0.0000322167  -0.0000667795   0.0000727395  -0.0000511843
        0.0000727101  -0.0002395728   0.0000748196  -0.0000229662  -0.0000384525
       -0.1513054361   0.0983688415  -0.1395144576  -0.0252871790   0.0180494291
       -0.0248659487  -0.0004277873  -0.0007224737  -0.0009236050   0.0001240835
       -0.0001877545  -0.0001258981   0.0002147194  -0.0000693923   0.0002181152
       -0.0000635142   0.0000900279  -0.0000372047   0.0000902773   0.0000623466
        0.0002612465   0.0000375672   0.0000628476   0.0000210669   0.0000302698
        0.0000130781  -0.0000010045  -0.0002804230  -0.0002393834   0.0005535229
        0.0001539529  -0.0000661849  -0.0000206013   0.0000866333   0.0000068842
        0.0000043679   0.1762800663  -0.1155169809   0.1644875698  -0.0004029374
        0.0005877065   0.0005082787
        0.0004147396   0.0008564064  -0.0002689772  -0.0003075839  -0.0000273702
       -0.0002555922   0.0000345691   0.0002154280  -0.0000613140  -0.0000001424
       -0.0000920173  -0.0000377670   0.0000471897   0.0000214462  -0.0000091581
        0.1222909109  -0.1378451166   0.1663444511  -0.0062382227   0.0077497806
       -0.0092592191  -0.0009885802   0.0000921065   0.0007261737   0.0001245767
       -0.0005714171  -0.0004257911  -0.0000475961   0.0000575685   0.0002667720
        0.0000167994  -0.0000935042  -0.0003229287  -0.0001073530  -0.0001179811
        0.0001992933  -0.0000334363   0.0001036703   0.0000180932   0.0000263759
        0.0000149051   0.0000182244  -0.0001799154  -0.0000639127   0.0003700919
        0.0004161953  -0.0001052386   0.0002601660  -0.0000993563  -0.0000325379
       -0.0000349929  -0.1155169809   0.1297950588  -0.1574773430   0.0001478105
        0.0000427254  -0.0000501823
       -0.0004330362   0.0017843748  -0.0067769165   0.0001830013  -0.0005014716
        0.0001236246  -0.0000035441  -0.0001030042   0.0001096911  -0.0003923178
        0.0000269787   0.0003992475  -0.0000469230   0.0000008122   0.0001136001
       -0.1600752865   0.1574539417  -0.2054765444  -0.0042116627  -0.0013800418
        0.0012489252  -0.0006386514   0.0004625746   0.0002708778   0.0001841081
       -0.0002782263  -0.0002380970   0.0007051089  -0.0002157387  -0.0000279088
       -0.0005007988   0.0001820390   0.0000880285   0.0004341835   0.0001228356
        0.0007424850   0.0000022602   0.0000196265  -0.0001048759   0.0000345511
       -0.0000105950   0.0000230607   0.0002831879   0.0001171528  -0.0005891784
       -0.0001657740   0.0000902701  -0.0001639744   0.0001276846  -0.0001330050
        0.0000831172   0.1644875698  -0.1574773430   0.2102200479   0.0000263393
       -0.0001611804  -0.0000452104
       -0.0031157908   0.0035011199  -0.0011497202  -0.0002345071  -0.0002842678
       -0.0001318249  -0.0000252261   0.0000360808  -0.0000174924  -0.0004984637
        0.0001777967  -0.0003364967  -0.0000316003  -0.0000526675   0.0003332700
        0.0003313877  -0.0002152123  -0.0003675402   0.0002074676   0.0000159016
       -0.0000172516  -0.4423487756   0.0256792919   0.0363360938  -0.0202756299
       -0.0042790323   0.0009489229   0.0005491265   0.0002203482  -0.0004013167
       -0.0003263292   0.0000076665   0.0003455520   0.0006472458  -0.0000556381
        0.0006281014  -0.0001373565   0.0001430348  -0.0000609172   0.0000468287
        0.0000158264   0.0000303868  -0.0000464100  -0.0001920149  -0.0000591301
       -0.0000205711  -0.0000041446   0.0000235484  -0.0000036273  -0.0001729560
        0.0000646874  -0.0004029374   0.0001478105   0.0000263393   0.4656851687
       -0.0246889438  -0.0361952118
        0.0041524258  -0.0013721903   0.0010887149  -0.0000842997   0.0000931926
       -0.0000226682   0.0000468371   0.0000797990  -0.0000033604  -0.0003139659
        0.0002482014  -0.0014661984   0.0000012112  -0.0002255764   0.0002430909
       -0.0003923721  -0.0000986732   0.0000887059  -0.0000874245  -0.0000716198
       -0.0000123600   0.0561228945  -0.0409481210  -0.0131816453  -0.0348755329
        0.0018101995   0.0032991433  -0.0003032819  -0.0001171935   0.0000953026
        0.0001531899   0.0000980461  -0.0001692667  -0.0004615948  -0.0000606230
       -0.0000949127   0.0001315520   0.0000481446  -0.0000164652   0.0000102868
        0.0000938712  -0.0000404062  -0.0001395547  -0.0008740164   0.0003924919
        0.0000980868  -0.0000239955   0.0001100822   0.0000427798   0.0000706720
       -0.0000031540   0.0005877065   0.0000427254  -0.0001611804  -0.0246889438
        0.0412071573   0.0098540860
       -0.0023334310   0.0020064323   0.0002580733  -0.0000437370  -0.0002019230
       -0.0000410241  -0.0000324550   0.0001102690   0.0000300347  -0.0002846145
       -0.0013865235  -0.0003144343   0.0003831562   0.0007896380  -0.0005747989
       -0.0001231997   0.0000107512  -0.0002488058   0.0000135334  -0.0000644945
        0.0001141412   0.0469870861  -0.0108450309  -0.0106537162  -0.0092543677
        0.0001991434   0.0017544911   0.0003128264   0.0000425163  -0.0001073545
       -0.0003083829   0.0000408118  -0.0000711664   0.0006952910  -0.0003035900
        0.0005960639  -0.0002361390   0.0000791935  -0.0004115662   0.0000209211
        0.0000878521  -0.0000016315  -0.0001092889  -0.0003099867   0.0002004893
        0.0000533593  -0.0000399693   0.0000118990  -0.0000536247  -0.0000189934
        0.0000278930   0.0005082787  -0.0000501823  -0.0000452104  -0.0361952118
        0.0098540860   0.0094766228
