           1           2  0.23433383440793076     
           2           3  0.85615811784066387     
           1           4  0.21559654897487623     
           4           5  0.86362176941676760     
           1           6  0.21665265931498762     
           6           7  0.86309514818830757     
           1           8  0.22919647103926291     
           8           9  0.85835659157396715     
           1          10  0.17407428712661105     
          10          11  0.81419256814039742     
           1          12  0.54731047603028304     
          12          13  0.91586536248716999     
           4          15  0.85761900642273692     
           2          16  0.85632907495971922     
          10          17  0.87216011379660485     
           6          18  0.86120787564817625     
           8          19  0.86116988216160628     
