   -0.09546504
   -0.05776376
   -0.10001137
    0.15944560
   -0.09562673
   -0.05309155
    0.32701433
   -0.38406501
   -0.68600479
   -0.34759558
   -0.02212873
   -0.01164674
   -0.01619847
   -0.02598433
    0.60895605
   -0.09771833
   -0.05898405
   -0.10215385
    0.15888915
   -0.09654996
   -0.05489209
    0.32603226
   -0.38372534
   -0.71338270
   -0.34677596
   -0.02558782
   -0.01672203
   -0.01834462
   -0.02805066
   -0.10279978
   -0.05813043
   -0.10041227
    0.16009348
   -0.09644780
   -0.05593136
    0.32611394
   -0.39304160
   -0.70988820
   -0.34897677
   -0.02009167
   -0.01105870
   -0.01373614
   -0.02261739
   -0.69627016
    0.33954213
    0.31668474
   -0.70877205
    0.35854052
    0.35023122
   -0.69758664
    0.35840266
    0.35524731
   -0.69995217
    0.35187596
    0.30270258
   -0.69766722
    0.36232197
    0.35167149
   -0.70394628
    0.34622818
    0.35771465
   -0.70606633
    0.34388854
    0.36217728
   -0.68483681
    0.31030385
    0.31341287
   -0.71113102
    0.36207860
    0.34905243
   -0.69681300
    0.30268511
    0.35228981
   -0.71516679
    0.36415177
    0.35101494
   -0.69985864
    0.35103919
    0.36919878
   -0.69221787
    0.30635529
    0.33561371
   -0.71092059
    0.34780981
    0.36311053
   -0.71080498
    0.34936826
    0.36143661
   -0.70364244
    0.34760926
    0.35603214
   -0.71077729
    0.36486002
    0.34591708
   -0.66459062
    0.29199786
    0.34392653
   -0.70206905
    0.35506674
    0.36554701
   -0.71975943
    0.35267612
    0.36708326
   -0.71573939
    0.36358436
    0.35215497
   -0.71584293
    0.35052471
    0.36531816
   -0.70397521
    0.34650933
    0.35745184
   -0.72012173
    0.36197079
    0.35815093
   -0.71495618
    0.35557998
    0.35937619
   -0.70421318
    0.35909383
    0.36287536
   -0.70149559
    0.32737215
    0.35806010
   -0.72003369
    0.36517020
    0.35486350
   -0.69963641
    0.32673303
    0.35657707
   -0.71708212
    0.35634697
    0.36073514
   -0.70538217
    0.36282808
    0.35967733
   -0.70080974
    0.31930365
    0.35387488
   -0.70410461
    0.36308816
    0.35964560
   -0.70757715
    0.36589891
    0.35788985
   -0.72462274
    0.36082979
    0.36379291
   -0.69240945
    0.36207553
    0.33034970
   -0.71316414
    0.34988136
    0.36328273
   -0.71862382
    0.36214494
    0.35647887
   -0.70384556
    0.36320507
    0.36033540
   -0.71715117
    0.35525504
    0.36189614
   -0.71949027
    0.36614419
    0.35334600
   -0.71294581
    0.35339246
    0.35955324
   -0.71443854
    0.35623716
    0.35820122
   -0.71513994
    0.35357166
    0.36156821
   -0.71826633
    0.35266239
    0.36560386
   -0.71878820
    0.35823310
    0.36055513
   -0.71751391
    0.36142186
    0.35609207
   -0.71640144
    0.35916966
    0.35723177
   -0.71620525
    0.36400662
    0.35219852
   -0.71558855
    0.35394379
    0.36164474
   -0.71711272
    0.36087317
    0.35623953
   -0.71768843
    0.36055794
    0.35713049
   -0.71724098
    0.35907152
    0.35816950
   -0.72031914
    0.35817429
    0.36214487
   -0.72283541
    0.35648978
    0.36634562
   -0.70717475
    0.32659122
    0.36203867
   -0.70547964
    0.35820080
    0.36566122
   -0.72164052
    0.36106606
    0.36057447
   -0.70419242
    0.35944855
    0.36489986
   -0.72007026
    0.35730008
    0.36277018
   -0.71871095
    0.35813018
    0.36058077
   -0.70222733
    0.35647273
    0.32799858
   -0.71849507
    0.35899866
    0.35949638
   -0.72128965
    0.36429503
    0.35699463
   -0.71658306
    0.35793898
    0.35864406
   -0.71830021
    0.35975777
    0.35854243
   -0.70230290
    0.35559534
    0.32958429
   -0.71820319
    0.35617224
    0.36203095
   -0.70202545
    0.32921014
    0.35418613
   -0.70596608
    0.32792651
    0.36182796
   -0.72045994
    0.36136124
    0.35909871
   -0.70743159
    0.33083234
    0.35620400
   -0.71730336
    0.35670287
    0.36060048
   -0.71914607
    0.35948479
    0.35966127
   -0.70449925
    0.35577266
    0.32903166
   -0.71807589
    0.35623612
    0.36183973
   -0.72218354
    0.36196815
    0.36021537
   -0.71712151
    0.35866334
    0.35845817
   -0.71859073
    0.35901813
    0.35957258
   -0.71945959
    0.36100752
    0.35845209
   -0.71750371
    0.35802188
    0.35948181
   -0.71836222
    0.35902099
    0.35934122
   -0.72198826
    0.36288678
    0.35910149
   -0.71911530
    0.35780931
    0.36130598
   -0.71908379
    0.36040685
    0.35867693
   -0.71725863
    0.35788911
    0.35936943
   -0.71863710
    0.35942711
    0.35920999
   -0.71953728
    0.35961811
    0.35991913
   -0.72119770
    0.36149497
    0.35970269
   -0.71983332
    0.35849533
    0.36133797
   -0.71880162
    0.36005201
    0.35874962
   -0.71996798
    0.35865822
    0.36130974
   -0.71900367
    0.35935949
    0.35964417
   -0.72097191
    0.36388915
    0.35708271
   -0.72094191
    0.36380767
    0.35713422
   -0.72033668
    0.36068402
    0.35965264
   -0.71997990
    0.35946098
    0.36051891
   -0.71881283
    0.36006963
    0.35874318
   -0.72121821
    0.36189913
    0.35931906
   -0.71818621
    0.35843837
    0.35974785
   -0.70532489
    0.32978802
    0.35715448
   -0.71970904
    0.36022095
    0.35948806
   -0.70749584
    0.35599968
    0.33134015
   -0.71932134
    0.35942469
    0.35989665
   -0.71974372
    0.36079894
    0.35894478
