           1           2   1.3583455905893489     
           2           3   1.5266285821025956     
           3           4   1.1901977233619612     
           4           5   1.1599094641574410     
           1           6   1.4121565369445639     
           5           6   1.4469122326653594     
           5           7  0.99976638398216566     
           7           8   1.4241310131288079     
           7           9   1.3580013945848499     
           8           9  0.16030183252629399     
           4          10   1.4444717131558023     
           1          11  0.97238521990874160     
           2          12  0.96971539827975461     
           3          13  0.97162171970816169     
           6          14  0.96624743329404339     
           8          15  0.41334731341213438     
          10          15  0.50835386047861508     
          16          17   1.3647512147589902     
          17          18   1.5208732864427084     
          18          19   1.1937178655393610     
          19          20   1.1639158971623338     
          16          21   1.4036408363113557     
          20          21   1.4589057730825161     
          20          22  0.98317736231316843     
          15          23  0.44138843499927277     
          22          23   1.4826553557032001     
          22          24   1.3415682218697758     
          23          24  0.16574189974872014     
          15          25  0.51500528378507371     
          19          25   1.4386914725556166     
          16          26  0.97214329767514496     
          17          27  0.96961874859559649     
          18          28  0.97134953757226739     
          21          29  0.96564938337871919     
          30          31   1.3469287854259262     
          31          32   1.5291002239839484     
          32          33   1.1898709615105798     
          33          34   1.1589125209164663     
          30          35   1.3910782127296693     
          34          35   1.4585609074683443     
          34          36  0.98785298433660262     
          15          37  0.42895650561469190     
          36          37   1.4506030574387871     
          36          38   1.3511636909013378     
          37          38  0.16253838247313726     
          15          39  0.50442964499070775     
          33          39   1.4459341033023474     
          30          40  0.97029177439688374     
          31          41  0.96969162790421715     
          32          42  0.97168142065405427     
          35          43  0.96544215025180791     
          44          45  0.88437429343088092     
          44          46  0.84484147970783141     
          47          48  0.87141841434364375     
          47          49  0.87730775245023729     
          50          51  0.86871168081692529     
          50          52  0.87131082635387391     
          53          54  0.87604486815333615     
          53          55  0.84377414200063150     
          56          57  0.86589725793719263     
          56          58  0.87325579098955641     
          59          60  0.88012670532860604     
          59          61  0.87203889043015403     
          62          63  0.88174955808747768     
          62          64  0.86883598121224992     
          65          66  0.87173015644380902     
          65          67  0.80379401519262572     
          68          69  0.86883489794271840     
          68          70  0.87809837861088158     
          71          72  0.84828464929044434     
          71          73  0.87578735660927365     
          74          75  0.86729458427265960     
          74          76  0.87668943976725444     
          77          78  0.87399101258417133     
          77          79  0.86032166904240515     
          80          81  0.85998196911631120     
           8          82  0.10516006455328171     
          80          82  0.76357859908098757     
          83          84  0.87897343237761127     
          83          85  0.86809590585021956     
          86          87  0.87788952025308509     
          86          88  0.86931126634227929     
          89          90  0.87916261966315856     
          89          91  0.87323579367418025     
          92          93  0.86683029765754738     
          92          94  0.88029454652749695     
          95          96  0.87640812983720462     
          95          97  0.88135313431722762     
          98          99  0.87148839451738103     
          98         100  0.86376203540287033     
         101         102  0.87548618336619843     
         101         103  0.86511647176479478     
         104         105  0.86770886661660496     
         104         106  0.87588963109021423     
         107         108  0.87702284945896325     
         107         109  0.86643314345731581     
         110         111  0.87994366824768666     
         110         112  0.87223268936714005     
         113         114  0.86885107362376091     
         113         115  0.87160196120141098     
         116         117  0.87346940519399174     
         116         118  0.87075517756585319     
         119         120  0.86850144738636570     
         119         121  0.86596277145955103     
         122         123  0.86944140344750365     
         122         124  0.87171829624084662     
         125         126  0.86650498564482403     
         125         127  0.87392606846879484     
         128         129  0.86931129542117414     
         128         130  0.87278989888983904     
         131         132  0.87291623427751697     
         131         133  0.86976939262075359     
         134         135  0.86616069973959564     
         134         136  0.86813794844028269     
         137         138  0.85885715445925703     
         137         139  0.87471784179651435     
         140         141  0.86540532544139470     
         140         142  0.86860594814565006     
         143         144  0.86309993584593958     
         143         145  0.86942203366086557     
         146         147  0.86965143981278836     
         146         148  0.86750440586053545     
         149         150  0.86570970401755432     
         149         151  0.85924382456584492     
         152         153  0.87750727463176803     
         152         154  0.86795005321201102     
         155         156  0.86873328190982446     
         155         157  0.87280510501260844     
         158         159  0.86560701239683735     
         158         160  0.86780414091550839     
         161         162  0.87368147054975487     
         161         163  0.86891891115654274     
         164         165  0.86581633834261118     
         164         166  0.87502415674227008     
         167         168  0.87504114852438086     
         167         169  0.87064892902721436     
         170         171  0.87299401566611134     
         170         172  0.87159074833366212     
         173         174  0.87489837170399931     
         173         175  0.86917981850631620     
         176         177  0.87551681623494904     
         176         178  0.86622162558888260     
         179         180  0.87154863237952473     
         179         181  0.86987960772829820     
         182         183  0.86925965430357455     
         182         184  0.87308385072071015     
         185         186  0.87088925468652245     
         185         187  0.87227753739733427     
         188         189  0.86739262566027053     
         188         190  0.87584947641865840     
         191         192  0.87463077268502132     
         191         193  0.86912011842783621     
         194         195  0.86963392330367717     
         194         196  0.87295672218919118     
         197         198  0.86988874352461742     
         197         199  0.87234861710925760     
         200         201  0.87095637702119411     
         200         202  0.87160334546163720     
         203         204  0.87157597694497169     
         203         205  0.86871606022190229     
         206         207  0.87274665027821108     
         206         208  0.86562253042390425     
         209         210  0.86676957028600821     
         209         211  0.86889335010084334     
         212         213  0.86943687758247878     
         212         214  0.86369008151683457     
         215         216  0.86946720867636729     
         215         217  0.86982188965540352     
         218         219  0.86853253947467324     
         218         220  0.86421894572878499     
         221         222  0.87222002988370317     
         221         223  0.86828107064637849     
         224         225  0.87160173229759463     
         224         226  0.86984035445680175     
         227         228  0.87286559173821643     
         227         229  0.86692943531162259     
         230         231  0.87099609935534406     
         230         232  0.87063858459624544     
         233         234  0.86712919743166139     
         233         235  0.87239484072895479     
         236         237  0.87175814584251032     
         236         238  0.87125295465639263     
         239         240  0.87043377866886806     
         239         241  0.87130682111882729     
         242         243  0.87341094910422290     
         242         244  0.86688469686346381     
         245         246  0.87301188760503912     
         245         247  0.86880413401954948     
         248         249  0.86494910534385894     
         248         250  0.87447364526674687     
         251         252  0.86894189605718108     
         251         253  0.86904808845115622     
         254         255  0.86926124128856364     
         254         256  0.87089110870528685     
         257         258  0.86136174101932084     
         257         259  0.87296235874420569     
         260         261  0.87262629314214746     
         260         262  0.86983051072982043     
         263         264  0.87060964617583581     
         263         265  0.87048286568115185     
         266         267  0.87335277413129175     
         266         268  0.86361430224527991     
         269         270  0.87297717931728125     
         269         271  0.86895344941620356     
         272         273  0.86882455878052434     
         272         274  0.87009042481938381     
         275         276  0.87123010099516329     
         275         277  0.87137729916025020     
         278         279  0.87095243297202296     
         278         280  0.87055394008239750     
         281         282  0.86953472381539343     
         281         283  0.87137328569611916     
         284         285  0.87169964763674712     
         284         286  0.87065217164646658     
         287         288  0.87096396083354910     
         287         289  0.87073389685752844     
         290         291  0.86815206261484423     
         290         292  0.87088502417477776     
         293         294  0.87181562489503939     
         293         295  0.86930109995468485     
         296         297  0.86996865657996447     
         296         298  0.87121262550713685     
         299         300  0.87178452473966628     
         299         301  0.87072289595995589     
         302         303  0.87068697521784033     
         302         304  0.87084294846064136     
         305         306  0.87052279896144880     
         305         307  0.87030625194421174     
         308         309  0.86916207661428269     
         308         310  0.87045465707205971     
         311         312  0.87133355232989418     
         311         313  0.86928728004752953     
         314         315  0.87023770671238887     
         314         316  0.87117378872037421     
         317         318  0.87122305730955873     
         317         319  0.86931407502500957     
         320         321  0.87072000824618134     
         320         322  0.87051570372777576     
         323         324  0.86742092408694194     
         323         325  0.87232818611351426     
         326         327  0.86750632403533889     
         326         328  0.87231743999444911     
         329         330  0.86975427251974546     
         329         331  0.87049725513057408     
         332         333  0.87064316831720578     
         332         334  0.86988149508728241     
         335         336  0.87021891461348966     
         335         337  0.87117243200528061     
         338         339  0.86888293360390789     
         338         340  0.87074366128927938     
         341         342  0.87140771121264060     
         341         343  0.87046714421023208     
         344         345  0.86500830699138009     
         344         346  0.87229585145504029     
         347         348  0.87010740005109144     
         347         349  0.87063478369189906     
         350         351  0.87317773260577169     
         350         352  0.86144305209455718     
         353         354  0.87065750952802556     
         353         355  0.87031797321007320     
         356         357  0.86968256958315682     
         356         358  0.87101721742195970     
