   -0.12346437
    0.04193565
    0.12941537
    0.16553443
   -0.35786108
   -0.11105333
    0.06861076
   -0.24167717
   -0.45560552
    0.05130866
    0.04652509
    0.06950313
    0.04333953
    0.06183760
    0.80253494
   -0.12461410
    0.04775343
    0.12851046
    0.16682689
   -0.36578817
   -0.11360061
    0.06988513
   -0.22563594
   -0.45433884
    0.05817198
    0.04427046
    0.06780723
    0.04273420
    0.06293141
   -0.12434297
    0.05074905
    0.12823975
    0.16766455
   -0.36619029
   -0.11477944
    0.07093476
   -0.22464427
   -0.45020343
    0.04717643
    0.05681484
    0.06738594
    0.04546119
    0.05220704
   -0.69858903
    0.35230924
    0.32340271
   -0.71881436
    0.36101286
    0.35780150
   -0.70791005
    0.36581713
    0.36201079
   -0.71788854
    0.35906149
    0.35882755
   -0.70306909
    0.36544925
    0.36258650
   -0.71992472
    0.35825843
    0.36165718
   -0.70915999
    0.35692014
    0.33091956
   -0.70539625
    0.35343054
    0.32977312
   -0.72151869
    0.35989429
    0.36161731
   -0.72201025
    0.35922685
    0.36277420
   -0.72341220
    0.36180084
    0.36161120
   -0.68688705
    0.36261531
    0.31337895
   -0.71924790
    0.35970844
    0.35953318
   -0.72123392
    0.36028832
    0.36093529
   -0.71197514
    0.35695705
    0.35751721
   -0.72093960
    0.35956809
    0.36137157
   -0.70711750
    0.36259877
    0.36366400
   -0.72144126
    0.36069703
    0.36073826
   -0.71225485
    0.35710680
    0.35706310
   -0.71874098
    0.35912837
    0.35961259
   -0.71280802
    0.35730283
    0.35771094
   -0.71797043
    0.35874171
    0.35922931
   -0.70571853
    0.36193033
    0.36347209
   -0.70261119
    0.36455437
    0.36298102
   -0.70858103
    0.36583805
    0.36060975
   -0.70554699
    0.33077515
    0.35485388
   -0.72199080
    0.36093167
    0.36105916
   -0.69450000
    0.33467190
    0.35734691
   -0.70799806
    0.33047258
    0.35677095
   -0.69420361
    0.36183171
    0.33228753
   -0.70663609
    0.36420746
    0.36393016
   -0.70678277
    0.35981590
    0.33036134
   -0.70425837
    0.36462900
    0.36090004
   -0.70677504
    0.36458735
    0.36397267
   -0.70634373
    0.36333800
    0.36363863
   -0.72283919
    0.36280676
    0.36003245
   -0.72334055
    0.36055900
    0.36278155
   -0.70961757
    0.36217408
    0.36578675
   -0.70350605
    0.36300920
    0.36268953
   -0.71974515
    0.35896464
    0.36078042
   -0.72168082
    0.36086068
    0.36082012
   -0.70617657
    0.36503187
    0.36381454
   -0.72206091
    0.35951936
    0.36254148
   -0.70482836
    0.36338857
    0.36525828
   -0.72095217
    0.35908474
    0.36186746
   -0.70904272
    0.36254996
    0.36405198
   -0.72057156
    0.36035633
    0.36021524
   -0.70624342
    0.35513335
    0.33196658
   -0.72152933
    0.36343826
    0.35809105
   -0.70980406
    0.36493105
    0.36279208
   -0.70916729
    0.36274024
    0.36573989
   -0.70978282
    0.36484843
    0.36222878
   -0.72186703
    0.35960187
    0.36226513
   -0.69060721
    0.32943418
    0.32548336
   -0.72368727
    0.36227702
    0.36141022
   -0.70619952
    0.36523545
    0.36364052
   -0.72198522
    0.36124595
    0.36073927
   -0.70522394
    0.35457723
    0.33277995
   -0.72216516
    0.36257896
    0.35958620
   -0.72280887
    0.36187067
    0.36093820
   -0.70719778
    0.33306647
    0.35164720
   -0.70468524
    0.36327322
    0.36216652
   -0.70501569
    0.36201869
    0.36440161
   -0.70776549
    0.33208165
    0.35418224
   -0.70731456
    0.36106571
    0.36285433
   -0.71024895
    0.33122614
    0.35775213
   -0.70718790
    0.33247221
    0.35293066
   -0.70566254
    0.35305575
    0.33197387
   -0.72347382
    0.36202679
    0.36144701
   -0.72121666
    0.36165580
    0.35956082
   -0.70526165
    0.35541466
    0.33150371
   -0.72143018
    0.35973066
    0.36169952
   -0.72188963
    0.36229596
    0.35959369
   -0.72291160
    0.36304497
    0.35986658
   -0.72156688
    0.35966885
    0.36189802
   -0.72159949
    0.36132802
    0.36027146
   -0.70720517
    0.33104397
    0.35234265
   -0.72110688
    0.36040701
    0.36069987
   -0.70423911
    0.33242274
    0.35425717
   -0.72170598
    0.36244035
    0.35926561
   -0.72405985
    0.36205926
    0.36200057
   -0.72099997
    0.36103298
    0.35996700
   -0.70753844
    0.35301529
    0.33185328
   -0.72069786
    0.35977004
    0.36092781
   -0.72365542
    0.36153720
    0.36211821
   -0.72372952
    0.36103871
    0.36269080
   -0.72275873
    0.36444628
    0.35831241
   -0.72112934
    0.36070712
    0.36042223
   -0.72090267
    0.35843328
    0.36246939
   -0.72178446
    0.36122065
    0.36056381
   -0.70572502
    0.35488343
    0.33292254
   -0.70730081
    0.33291120
    0.35507672
   -0.70618981
    0.35620050
    0.33269488
   -0.72113822
    0.36203428
    0.35910396
   -0.70803040
    0.36174757
    0.36228861
   -0.72148922
    0.36121301
    0.36027620
   -0.70829411
    0.33129389
    0.35432376
