           1           2   1.0214935720361480     
           2           3   1.3963938948584620     
           3           4   1.0196726343099103     
           4           5   1.4888369635413936     
           4           6   1.1858798496736442     
           6           7   1.5903269471495483     
           2           8   1.0104735083417267     
           7           8   1.1325481251463314     
           2           9  0.15074807325964340     
           3           9   1.3678846144842522     
           1          10  0.97102477123247766     
           1          11  0.97289027326371924     
           1          12  0.98001451161618092     
           6          13  0.96619160699280360     
           7          14  0.95474931465726653     
           4          15  0.10163215317657281     
           5          15  0.46561212950569975     
           9          15  0.39028988334130954     
          16          17   1.0209029948219825     
          17          18   1.3870102895679117     
          18          19   1.0246842550592170     
          15          20  0.44442954619146846     
          19          20   1.4887605026916932     
          19          21   1.1921562332306412     
          21          22   1.5762202376591294     
          17          23   1.0303126991189187     
          22          23   1.1483287841207588     
          15          24  0.39307709847571071     
          17          24  0.14592708866138518     
          18          24   1.3675884966477319     
          16          25  0.96952609353665831     
          16          26  0.97270382693825586     
          16          27  0.98066346631351065     
          21          28  0.96664717846084136     
          22          29  0.95474391146023141     
          30          31   1.0214996686186870     
          31          32   1.3845377472758109     
          32          33   1.0246923985928655     
          15          34  0.43495840187658047     
          33          34   1.4921357685166858     
          33          35   1.1920066110608982     
          35          36   1.5729302672339562     
          31          37   1.0329904535927250     
          36          37   1.1481035242527318     
          15          38  0.39801217132749006     
          31          38  0.14384508069857849     
          32          38   1.3683571454397376     
          30          39  0.97228318123601354     
          30          40  0.96850663896183020     
          30          41  0.98096444731977850     
          35          42  0.96640810680198530     
          36          43  0.95838622068347046     
          44          45  0.87516242282426981     
          44          46  0.86059361859536998     
          47          48  0.86954760660001629     
          47          49  0.87185585513268804     
          50          51  0.86400734327205342     
          50          52  0.86613260508209766     
          53          54  0.87097761066309076     
          53          55  0.87114526412186255     
          56          57  0.86344580047811426     
          56          58  0.86625594457707100     
          59          60  0.87156930512106157     
          59          61  0.86912878500875423     
          62          63  0.87244643426335078     
          62          64  0.86004824301749472     
          65          66  0.87498675350031763     
          65          67  0.85992302493110573     
          68          69  0.87036443711620248     
          68          70  0.86912602042201814     
          71          72  0.87081523759261459     
          71          73  0.86826136860813008     
          74          75  0.86893646190669094     
          74          76  0.86907366182740819     
          77          78  0.86840919324084975     
          77          79  0.88507984879466817     
          80          81  0.87050805354021354     
          80          82  0.87062911322467496     
          83          84  0.87009419931949561     
          83          85  0.86963494547531839     
          86          87  0.87186945934623461     
          86          88  0.87144966064682361     
          89          90  0.87062583796948911     
          89          91  0.86932566693290170     
          92          93  0.86624722192716708     
          92          94  0.86467494344381290     
          95          96  0.86978649125813012     
          95          97  0.86975210736928443     
          98          99  0.87200541340254112     
          98         100  0.87205693141746288     
         101         102  0.87090172242571784     
         101         103  0.87055370926016595     
         104         105  0.87188121136487695     
         104         106  0.87131694236665391     
         107         108  0.87121600542551514     
         107         109  0.87086610982191137     
         110         111  0.86707785054793418     
         110         112  0.86569763089227958     
         113         114  0.86552293600727115     
         113         115  0.86652534310760732     
         116         117  0.86318453883721480     
         116         118  0.86740247658637626     
         119         120  0.86216908732481401     
         119         121  0.87400001664420568     
         122         123  0.86958606015811479     
         122         124  0.86949376687514701     
         125         126  0.85002718899933893     
         125         127  0.86931039962337764     
         128         129  0.86131009308505324     
         128         130  0.87261397299485677     
         131         132  0.86578461619194380     
         131         133  0.85692895888926690     
         134         135  0.86511347556656271     
         134         136  0.86526053750656584     
         137         138  0.87041515464883457     
         137         139  0.86693389545083643     
         140         141  0.86472061713933002     
         140         142  0.86778598274334751     
         143         144  0.86481564824397894     
         143         145  0.86520367288735600     
         146         147  0.86524521131105114     
         146         148  0.86542599235317830     
         149         150  0.86820503989269426     
         149         151  0.87021034104712924     
         152         153  0.86985113835153061     
         152         154  0.86824356034642858     
         155         156  0.86587737736651471     
         155         157  0.86364287279141472     
         158         159  0.86644392544366911     
         158         160  0.86594106660586634     
         161         162  0.87100802176672154     
         161         163  0.86970082998007880     
         164         165  0.86962476293550584     
         164         166  0.86965426064960771     
         167         168  0.86476445299027549     
         167         169  0.86525405572284553     
         170         171  0.87059747805414411     
         170         172  0.86841537053270013     
         173         174  0.86596245060303279     
         173         175  0.86455943566044768     
         176         177  0.87093672069382688     
         176         178  0.86893044103171591     
         179         180  0.86533276675597881     
         179         181  0.86470963868723572     
         182         183  0.87001290407428866     
         182         184  0.87011428885667641     
         185         186  0.87372564990164014     
         185         187  0.86236191972379683     
         188         189  0.86780576685650979     
         188         190  0.87166385756566223     
         191         192  0.86411104472343592     
         191         193  0.86564101895668244     
         194         195  0.86585730323026844     
         194         196  0.86369195361605056     
         197         198  0.86436924250928138     
         197         199  0.86607606035267426     
         200         201  0.87054893449153536     
         200         202  0.86862628790650231     
         203         204  0.86334079599366398     
         203         205  0.87122784678463194     
         206         207  0.86859883154384521     
         206         208  0.86922622083760626     
         209         210  0.86451430364546333     
         209         211  0.86587061393687548     
         212         213  0.86932449549951285     
         212         214  0.86968999935320213     
         215         216  0.87414041608607995     
         215         217  0.86346501329392866     
         218         219  0.86837795115202765     
         218         220  0.87053937705312534     
         221         222  0.86887558507801943     
         221         223  0.86954946877005790     
         224         225  0.85686241111718986     
         224         226  0.87623408393493329     
         227         228  0.86589372075181192     
         227         229  0.86644198582805609     
         230         231  0.86595742520066954     
         230         232  0.86475413376287302     
         233         234  0.85924162547517180     
         233         235  0.87444628250341572     
         236         237  0.86712796935031045     
         236         238  0.86572520318259605     
         239         240  0.86015186619915263     
         239         241  0.87189316979836839     
         242         243  0.85857758334139900     
         242         244  0.87533285540600470     
         245         246  0.87525762603939694     
         245         247  0.86031874657033303     
         248         249  0.86876869310001215     
         248         250  0.86918801684093694     
         251         252  0.86906696428612684     
         251         253  0.87057799861189911     
         254         255  0.87360331172377814     
         254         256  0.86365416417964058     
         257         258  0.87044097947681798     
         257         259  0.86902067066021171     
         260         261  0.86856750264489335     
         260         262  0.87051835568045810     
         263         264  0.86802101875244697     
         263         265  0.87031884826398032     
         266         267  0.87049504625766128     
         266         268  0.86888660962169251     
         269         270  0.86925431230649242     
         269         271  0.87001681624927396     
         272         273  0.85695398350455054     
         272         274  0.87573411799227929     
         275         276  0.86996617367511764     
         275         277  0.86975505323538416     
         278         279  0.86392177166444439     
         278         280  0.87442321236650444     
         281         282  0.86847258487813206     
         281         283  0.87076373927481598     
         284         285  0.86871512810809581     
         284         286  0.86875753138855272     
         287         288  0.86950086345260980     
         287         289  0.87026960799117548     
         290         291  0.87526347442975028     
         290         292  0.85787130944046364     
         293         294  0.87043027918093274     
         293         295  0.86959569790052238     
         296         297  0.86910460855727922     
         296         298  0.86868422777453713     
         299         300  0.86944684188813759     
         299         301  0.86825119488894031     
         302         303  0.86704384735796469     
         302         304  0.87147730542090029     
         305         306  0.86969739995554585     
         305         307  0.86990313902415761     
         308         309  0.87140661229323646     
         308         310  0.86849696131305565     
         311         312  0.86936504319098828     
         311         313  0.86983912037048394     
         314         315  0.87391675886858589     
         314         316  0.86335744729529873     
         317         318  0.86156809330289974     
         317         319  0.87375913889922674     
         320         321  0.87297732511085013     
         320         322  0.86440685857894417     
         323         324  0.86878411747135265     
         323         325  0.87089729593477150     
         326         327  0.86679922971765555     
         326         328  0.86709472502087115     
         329         330  0.86936165921691744     
         329         331  0.87003741338018437     
         332         333  0.85833490062365825     
         332         334  0.87432680291652409     
