   -0.11564515
    0.10761534
   -0.23111371
   -0.00361147
    0.13698058
    0.17171016
   -0.36248559
   -0.45537917
    0.05588371
   -0.49805655
    0.05938254
    0.03532528
    0.06769018
    0.07086169
    0.36513712
    0.87746398
   -0.11644389
    0.11191061
   -0.23131197
   -0.00383044
    0.13583643
    0.17241808
   -0.36395196
   -0.45992479
    0.05338070
   -0.49558383
    0.05863252
    0.03498367
    0.06613194
    0.07968613
    0.36062594
   -0.11321258
    0.10854181
   -0.23467312
    0.00075027
    0.13391221
    0.17218751
   -0.35559339
   -0.46653815
    0.05516677
   -0.49650900
    0.06365759
    0.04263012
    0.06906774
    0.07151455
    0.36496987
   -0.71947573
    0.36086419
    0.35861181
   -0.72134407
    0.36069601
    0.36064755
   -0.70092758
    0.32504051
    0.36296712
   -0.70761619
    0.36317183
    0.36354314
   -0.70460812
    0.36048751
    0.36217128
   -0.70715009
    0.35920264
    0.33124897
   -0.72086138
    0.35928061
    0.36156834
   -0.70898491
    0.35615840
    0.35670798
   -0.71061132
    0.35539409
    0.35851789
   -0.72903711
    0.33276134
    0.32079558
   -0.72341419
    0.36089896
    0.36251522
   -0.72181604
    0.36174797
    0.36006782
   -0.71965758
    0.35818536
    0.36147287
   -0.72297349
    0.36009979
    0.36286388
   -0.72055980
    0.36179589
    0.35875468
   -0.71939680
    0.35728480
    0.36209919
   -0.69944387
    0.35754056
    0.32810255
   -0.71137928
    0.35741573
    0.35790378
   -0.72330232
    0.36161284
    0.36168947
   -0.72104162
    0.35973731
    0.36130307
   -0.70034256
    0.32621712
    0.36169246
   -0.71973114
    0.35792267
    0.36179615
   -0.70476937
    0.36464283
    0.36495467
   -0.72213229
    0.36175391
    0.36037834
   -0.72152355
    0.36077375
    0.36075012
   -0.69722048
    0.35170275
    0.32909447
   -0.72114095
    0.35967354
    0.36146743
   -0.72198548
    0.36036594
    0.36161952
   -0.70905892
    0.36441886
    0.36368570
   -0.70758249
    0.35735823
    0.33112555
   -0.69096672
    0.32982918
    0.32684166
   -0.70991137
    0.36334611
    0.36326373
   -0.72042619
    0.36131215
    0.35911403
   -0.72365313
    0.36126164
    0.36239137
   -0.72196893
    0.35956299
    0.36240596
   -0.72166652
    0.36064266
    0.36102381
   -0.72296843
    0.36303598
    0.35993245
   -0.72049920
    0.35836167
    0.36213751
   -0.71895725
    0.36124440
    0.35771284
   -0.72281526
    0.36043721
    0.36237803
   -0.72021446
    0.36004941
    0.36016506
   -0.72239472
    0.36210295
    0.36029179
   -0.72130825
    0.36116813
    0.36014014
   -0.72116428
    0.36060224
    0.36056202
   -0.72456820
    0.36475371
    0.35981449
   -0.72187293
    0.36017124
    0.36170169
   -0.72352552
    0.36314652
    0.36037901
   -0.72276520
    0.35860479
    0.36416042
   -0.72302886
    0.36293492
    0.36009384
   -0.72414967
    0.36366244
    0.36048722
   -0.72200522
    0.35989114
    0.36211406
   -0.72269569
    0.36083977
    0.36185591
   -0.72166629
    0.35994481
    0.36172150
   -0.72003710
    0.36000868
    0.36002838
   -0.72445016
    0.36234231
    0.36210783
   -0.72252367
    0.36079939
    0.36172425
   -0.69293372
    0.33471490
    0.35824752
   -0.72471157
    0.36152123
    0.36319033
   -0.72186422
    0.35997451
    0.36188972
   -0.72488403
    0.36494496
    0.35993902
   -0.72128036
    0.36110438
    0.36017597
   -0.70626567
    0.36293037
    0.36313817
   -0.72110847
    0.35931101
    0.36179744
   -0.72238213
    0.36284577
    0.35953634
   -0.70715486
    0.33348406
    0.35462517
   -0.72190867
    0.36189969
    0.36000895
   -0.70743752
    0.36294957
    0.36073302
   -0.72319186
    0.36151649
    0.36167537
   -0.72059248
    0.35900253
    0.36158995
   -0.72192008
    0.36058959
    0.36133046
   -0.72204954
    0.35934425
    0.36270526
   -0.72192529
    0.36147416
    0.36045113
   -0.72180178
    0.35989140
    0.36191034
   -0.72256413
    0.36121290
    0.36135122
   -0.72143672
    0.35998124
    0.36145546
   -0.72171688
    0.35868395
    0.36303290
   -0.72079877
    0.36039442
    0.36040432
   -0.72141979
    0.36316466
    0.35825515
   -0.72129528
    0.36082951
    0.36046578
   -0.72053599
    0.36055812
    0.35997780
   -0.72240057
    0.35879829
    0.36360228
   -0.72113964
    0.36046809
    0.36067156
   -0.72385207
    0.36439411
    0.35945794
   -0.72207413
    0.36302614
    0.35904798
   -0.72130708
    0.36004489
    0.36126219
   -0.72163643
    0.35966652
    0.36196989
   -0.72321327
    0.36061963
    0.36259363
   -0.71974240
    0.36074099
    0.35900142
   -0.72463403
    0.36359122
    0.36104280
   -0.72098717
    0.35976559
    0.36122161
   -0.72306156
    0.36161650
    0.36144505
   -0.72325589
    0.36121452
    0.36204137
   -0.72370675
    0.36195207
    0.36175466
   -0.72257544
    0.36152770
    0.36104773
   -0.72216214
    0.35937020
    0.36279192
   -0.72339903
    0.36412690
    0.35927211
   -0.72361937
    0.36141151
    0.36220786
   -0.72154516
    0.36236763
    0.35917751
   -0.72201748
    0.36261109
    0.35940638
   -0.72218736
    0.36096447
    0.36122290
   -0.72327011
    0.36436671
    0.35890340
   -0.72129823
    0.35992794
    0.36137030
   -0.72222910
    0.35869024
    0.36353883
   -0.72297498
    0.36002342
    0.36295159
   -0.72120957
    0.36044888
    0.36076070
   -0.70798265
    0.35050630
    0.33261953
   -0.72107012
    0.36304977
    0.35802034
   -0.72198396
    0.35958258
    0.36240139
   -0.72195092
    0.36268259
    0.35926831
