           1           2   1.5472948925478527     
           2           3   1.1356071467295443     
           3           4   1.0293846962293929     
           4           5   1.4226255708718807     
           1           6   1.1952169311473027     
           5           6   1.0114428063984944     
           6           7   1.4966918225558603     
           4           8  0.15999922979869824     
           5           8   1.3743391000485283     
           2           9  0.98839332466620644     
           9          10  0.99943859230426946     
           1          11  0.96254487336688865     
           4          12  0.96296488810011971     
           9          13  0.95571829283787091     
           9          14  0.95337019268731327     
          10          15  0.85135335781351884     
           7          16  0.44884840986041813     
           8          16  0.39590395567515446     
          17          18   1.5465471025131516     
          18          19   1.1394375598926196     
          19          20   1.0278061513053984     
          20          21   1.4251860171726691     
          17          22   1.1964592028371313     
          21          22   1.0133678148463832     
          16          23  0.44172899014610389     
          22          23   1.4976868964945140     
          16          24  0.38809104459054927     
          20          24  0.16152993575445568     
          21          24   1.3718259291861619     
          18          25  0.98959828169367148     
          25          26  0.99890497277355150     
          17          27  0.96240905268588317     
          20          28  0.96300965811889150     
          25          29  0.95446797224654079     
          25          30  0.94690228137774546     
          26          31  0.85564886380148952     
          32          33   1.5668494828875004     
          33          34   1.1235003307469986     
          34          35   1.0275941766738239     
          35          36   1.4615294985685165     
          16          37  0.11541206251344405     
          32          37   1.1834384904203608     
          36          37   1.0224152119530827     
          16          38  0.47271657749923768     
          37          38   1.4925073939752882     
          16          39  0.34893607994499409     
          35          39  0.15575883926620393     
          36          39   1.3190842569176855     
          33          40  0.98843000442708617     
          40          41   1.0008737620592485     
          32          42  0.96199279745633159     
          35          43  0.96084820936340976     
          40          44  0.95332969102054199     
          40          45  0.95358797755389946     
          41          46  0.85189713910944675     
          47          48  0.86966277170365547     
          47          49  0.87128300851070206     
          50          51  0.86976946134260458     
          50          52  0.86980456876105972     
          53          54  0.87452228957775313     
          53          55  0.86822800938939837     
          56          57  0.86573017603483560     
          56          58  0.86533660123454692     
          59          60  0.86775612488505405     
          59          61  0.86670100997257093     
          62          63  0.87088978198285893     
          62          64  0.86596567893836762     
          65          66  0.87083159636695906     
          65          67  0.86918871180180557     
          68          69  0.87230587747297128     
          68          70  0.87192330335968704     
          71          72  0.87295882290513360     
          71          73  0.87051209185080414     
          74          75  0.78426050072364595     
          74          76  0.89632354325244146     
          77          78  0.86960677869939895     
          77          79  0.86843757237925112     
          80          81  0.86897380628412235     
          80          82  0.87018664970283799     
          83          84  0.87160188397409355     
          83          85  0.86923651586169604     
          86          87  0.87018980521364064     
          86          88  0.86819912651910014     
          89          90  0.86899220922292086     
          89          91  0.87117624234212687     
          92          93  0.87225958638525658     
          92          94  0.86880248723617082     
          95          96  0.87208711726285404     
          95          97  0.87120366335152710     
          98          99  0.87145816077324978     
          98         100  0.87130547143309811     
         101         102  0.86910862741479145     
         101         103  0.86905315804351124     
         104         105  0.87047976376729364     
         104         106  0.86934989353906811     
         107         108  0.87450066424357575     
         107         109  0.86915213339937059     
         110         111  0.87177553548759212     
         110         112  0.86899759941308896     
         113         114  0.86420031478137971     
         113         115  0.86398463468931053     
         116         117  0.86901244101555009     
         116         118  0.87000582510718016     
         119         120  0.86971614023740640     
         119         121  0.86973273885269897     
         122         123  0.87524228277727734     
         122         124  0.86250734202035795     
         125         126  0.87049982890925692     
         125         127  0.86920621309896551     
         128         129  0.86999651494235819     
         128         130  0.86909141010896029     
         131         132  0.86438630798257854     
         131         133  0.86500966288063141     
         134         135  0.87221708988028923     
         134         136  0.86305690099310195     
         137         138  0.86517686493093282     
         137         139  0.86995765185299212     
         140         141  0.86512780002451839     
         140         142  0.86501193073104010     
         143         144  0.86933035814591297     
         143         145  0.87091404508705839     
         146         147  0.86934711146648846     
         146         148  0.86852951704049386     
         149         150  0.87057923987674302     
         149         151  0.86852670854542002     
         152         153  0.86979034811402200     
         152         154  0.86951517361212738     
         155         156  0.86805721291608040     
         155         157  0.87030105171947636     
         158         159  0.87146556944292253     
         158         160  0.86874497107470916     
         161         162  0.86939140208902621     
         161         163  0.87193072322808496     
         164         165  0.86995381157371909     
         164         166  0.86855087131820663     
         167         168  0.87024741508741088     
         167         169  0.87016430942865208     
         170         171  0.86874961690411645     
         170         172  0.87005844871080196     
         173         174  0.86941481642236618     
         173         175  0.87015625252250595     
         176         177  0.86981782025428978     
         176         178  0.86984692294732047     
         179         180  0.86678879410896081     
         179         181  0.87036764402186828     
         182         183  0.87011535876532364     
         182         184  0.86901048393408831     
         185         186  0.86796173925109243     
         185         187  0.86996424163110253     
         188         189  0.87127316442670644     
         188         190  0.86725768616619126     
         191         192  0.86815001041339968     
         191         193  0.87020399389852032     
         194         195  0.86759862219418415     
         194         196  0.86989831182706034     
         197         198  0.87033790945832301     
         197         199  0.86873336648465282     
         200         201  0.86964565067236888     
         200         202  0.86891120391510834     
         203         204  0.87030373542738482     
         203         205  0.86902170442400939     
         206         207  0.87025847320908090     
         206         208  0.87024420707589689     
         209         210  0.86855125000850686     
         209         211  0.86872113100758708     
         212         213  0.86970231823689537     
         212         214  0.86903387782434605     
         215         216  0.85095480217672270     
         215         217  0.86850569494544216     
         218         219  0.86912728364369840     
         218         220  0.86791770148693614     
         221         222  0.87025323438103619     
         221         223  0.86887085990589863     
         224         225  0.86666880481560837     
         224         226  0.87029771576156301     
         227         228  0.86946833086056452     
         227         229  0.87013757762718735     
         230         231  0.86553315691433430     
         230         232  0.86526178139137977     
         233         234  0.87074094948868008     
         233         235  0.86894795029687288     
         236         237  0.86820879653413052     
         236         238  0.87059957200095950     
         239         240  0.86131874124725760     
         239         241  0.87414029805647364     
         242         243  0.86885591871197598     
         242         244  0.87022100434936545     
         245         246  0.86609785020262153     
         245         247  0.86790610785342270     
         248         249  0.86912943566879342     
         248         250  0.86901445941825439     
         251         252  0.87093248540135582     
         251         253  0.86906794591576242     
         254         255  0.86979279443171564     
         254         256  0.86925792137318258     
         257         258  0.87071481201455869     
         257         259  0.86828798946985397     
         260         261  0.86916177805736083     
         260         262  0.86990070241805062     
         263         264  0.87032317218163890     
         263         265  0.86886581523330930     
         266         267  0.86935311336104359     
         266         268  0.86925318929211715     
         269         270  0.87026192165730065     
         269         271  0.86919867222051317     
         272         273  0.87119974824167845     
         272         274  0.86806097399695525     
         275         276  0.86993828002761298     
         275         277  0.86993107949188864     
         278         279  0.86794414442665979     
         278         280  0.87148604917736383     
         281         282  0.86964150572129617     
         281         283  0.86990393568857449     
         284         285  0.86986583749326207     
         284         286  0.87028387427051879     
         287         288  0.87111127760516938     
         287         289  0.86764080708932578     
         290         291  0.86990099611481353     
         290         292  0.86975429737809828     
         293         294  0.86704252584461650     
         293         295  0.87061524102799637     
         296         297  0.86807611756912850     
         296         298  0.87094886828654849     
         299         300  0.87021165395017785     
         299         301  0.86933351874531783     
         302         303  0.87047527053030194     
         302         304  0.86881310979721882     
         305         306  0.86977772786729579     
         305         307  0.86835022244531079     
         308         309  0.86973564238210921     
         308         310  0.87098777341951905     
         311         312  0.86762233867404792     
         311         313  0.86946904812814685     
         314         315  0.87040704094251120     
         314         316  0.86935744100202350     
         317         318  0.86906040436865784     
         317         319  0.86918439314868579     
         320         321  0.86934427961428795     
         320         322  0.86874622562121484     
         323         324  0.86882137257183789     
         323         325  0.86896437729076514     
         326         327  0.86912742039251478     
         326         328  0.86947424820225416     
         329         330  0.87068020520299416     
         329         331  0.86820919962006671     
         332         333  0.86723637877623472     
         332         334  0.87074855935037121     
         335         336  0.86918726810029390     
         335         337  0.86861092904070880     
         338         339  0.86855444530306847     
         338         340  0.87085635899869485     
         341         342  0.86838317778248419     
         341         343  0.87069697393530787     
         344         345  0.86955424068155929     
         344         346  0.86936762832284020     
         347         348  0.86705300091048010     
         347         349  0.87100452958098995     
         350         351  0.87030257430290547     
         350         352  0.86926222389829610     
         353         354  0.87117102270053126     
         353         355  0.86766874741927302     
         356         357  0.87021037924473399     
         356         358  0.86809334093155022     
         359         360  0.86992651186551007     
         359         361  0.86970153000745964     
         362         363  0.87700019819313679     
         362         364  0.85417586925955002     
         365         366  0.86805267280141396     
         365         367  0.87167935722374290     
         368         369  0.87053861690810797     
         368         370  0.86850346777073839     
         371         372  0.86830482366162154     
         371         373  0.87076974476402591     
