   -0.03042999
    0.13055959
    0.15093580
   -0.41432672
   -0.11778082
   -0.02716980
   -0.02130909
   -0.06636941
   -0.43110507
    0.00104681
    0.02803745
    0.07267665
    0.06961432
    0.05527290
    0.81186685
   -0.03258139
    0.12999372
    0.14990991
   -0.39846065
   -0.11835968
   -0.02557211
   -0.02365327
   -0.06486179
   -0.43093622
    0.00046535
    0.02198418
    0.05619521
    0.06936269
    0.06776115
   -0.03102131
    0.13116454
    0.14992245
   -0.41229811
   -0.11802847
   -0.02636786
   -0.02092710
   -0.06598556
   -0.42945219
    0.00112383
    0.02910997
    0.05854815
    0.07149569
    0.06819769
   -0.10585670
    0.06066273
    0.01642832
    0.03122747
   -0.10744105
    0.02295956
    0.06033050
    0.03073319
   -0.10628088
    0.02754314
    0.06179272
    0.02128392
   -0.72063736
    0.36149199
    0.35914515
   -0.71771000
    0.35635018
    0.36132121
   -0.70947104
    0.36386090
    0.36368193
   -0.70890575
    0.36327701
    0.36496875
   -0.70914445
    0.36415906
    0.36271081
   -0.70991293
    0.36332570
    0.36462145
   -0.72095481
    0.36147063
    0.35948398
   -0.72070099
    0.35961397
    0.36108607
   -0.71009416
    0.35612765
    0.35587165
   -0.69272786
    0.35044406
    0.32929282
   -0.70845076
    0.35460871
    0.35689130
   -0.70573898
    0.36435312
    0.36156378
   -0.71963838
    0.35891122
    0.36072710
   -0.71697836
    0.35729179
    0.35968639
   -0.70935784
    0.36352708
    0.36564631
   -0.70677145
    0.35518189
    0.35516752
   -0.70809896
    0.35609991
    0.35557744
   -0.71820068
    0.35964861
    0.35854819
   -0.71898821
    0.36005274
    0.35893473
   -0.71852556
    0.35990648
    0.35861859
   -0.72245128
    0.36099962
    0.36145152
   -0.70871312
    0.36279768
    0.36407551
   -0.71937507
    0.35913576
    0.36023809
   -0.71900348
    0.36001362
    0.35898961
   -0.71861435
    0.35818847
    0.36041964
   -0.69966371
    0.32645385
    0.32349143
   -0.72339887
    0.36245789
    0.36094097
   -0.72390541
    0.36346177
    0.36044365
   -0.70565097
    0.33282028
    0.35475886
   -0.70648723
    0.35524040
    0.33190675
   -0.68980991
    0.32984839
    0.32575465
   -0.70787541
    0.35652245
    0.33331876
   -0.72331472
    0.36402134
    0.35929339
   -0.72245122
    0.36241200
    0.36003915
   -0.70431522
    0.33055242
    0.35607831
   -0.70801935
    0.36263557
    0.36090548
   -0.70476978
    0.32979721
    0.35536907
   -0.70620611
    0.35643037
    0.32959780
   -0.72187870
    0.36241370
    0.35946493
   -0.72424326
    0.36212017
    0.36212309
   -0.70709775
    0.33374088
    0.35354120
   -0.72245595
    0.36342332
    0.35903261
   -0.72486551
    0.36250356
    0.36236180
   -0.70646043
    0.36423307
    0.36290167
   -0.72386926
    0.36216607
    0.36170322
   -0.71979437
    0.36250145
    0.35729293
   -0.72132134
    0.36255036
    0.35877096
   -0.72197880
    0.35978025
    0.36219858
   -0.70681838
    0.35631133
    0.35400705
   -0.72169045
    0.36090825
    0.36078219
   -0.72138813
    0.36135272
    0.36003530
   -0.72067186
    0.35996716
    0.36070471
   -0.72020341
    0.35936370
    0.36083974
   -0.72136070
    0.35868455
    0.36267613
   -0.72239131
    0.36216423
    0.36022708
   -0.70601493
    0.35545525
    0.33239955
   -0.72263154
    0.36189722
    0.36073430
   -0.72130893
    0.36105337
    0.36025558
   -0.70739280
    0.36371700
    0.36373831
   -0.72278843
    0.36200990
    0.36077851
   -0.72293674
    0.36295514
    0.35998158
   -0.72133178
    0.36025199
    0.36107980
   -0.72368333
    0.36191444
    0.36176888
   -0.72294316
    0.36174710
    0.36119602
   -0.72087769
    0.35936393
    0.36151371
   -0.70643022
    0.36200992
    0.36090179
   -0.72221097
    0.36078656
    0.36142439
   -0.72163557
    0.35980420
    0.36183135
   -0.72370453
    0.36305417
    0.36065034
   -0.70619011
    0.36293276
    0.36094188
   -0.72144391
    0.36090322
    0.36054066
   -0.70612550
    0.36377573
    0.36195328
   -0.72279065
    0.36192946
    0.36086115
   -0.72118349
    0.35958628
    0.36159720
   -0.72253722
    0.36189410
    0.36064311
   -0.72274950
    0.36213936
    0.36061015
   -0.72224367
    0.36154019
    0.36070349
   -0.72038865
    0.36073603
    0.35965262
   -0.70519748
    0.33240713
    0.35211596
   -0.72214403
    0.36187681
    0.36026721
   -0.72285967
    0.36108865
    0.36177102
   -0.72163354
    0.36068200
    0.36095157
   -0.72212954
    0.35895235
    0.36317719
   -0.72338680
    0.36504496
    0.35834186
   -0.72285664
    0.36229067
    0.36056596
   -0.72279412
    0.36098005
    0.36181406
   -0.72220852
    0.35915156
    0.36305693
   -0.72198348
    0.35911796
    0.36286549
   -0.72094712
    0.35957189
    0.36137523
   -0.72228605
    0.36217272
    0.36011332
   -0.72230324
    0.35946246
    0.36284080
   -0.72118781
    0.36143363
    0.35975417
   -0.72152166
    0.36082817
    0.36069351
   -0.72158094
    0.36154444
    0.36003649
   -0.72135780
    0.35979993
    0.36155787
   -0.72389458
    0.35997515
    0.36391940
   -0.72220069
    0.36232272
    0.35987796
   -0.72188583
    0.36266993
    0.35921591
   -0.72140974
    0.35832460
    0.36308511
   -0.72054043
    0.36158031
    0.35896011
   -0.72182745
    0.36107977
    0.36074766
   -0.70537228
    0.35327372
    0.33203604
   -0.72159885
    0.36148337
    0.36011550
   -0.72285356
    0.35971680
    0.36313674
   -0.72125082
    0.35980526
    0.36144555
   -0.72094368
    0.35821173
    0.36273192
