           1           2   1.3536307084357746     
           2           3   1.0406438889482534     
           3           4   1.4191926765648604     
           3           5   1.2440553462517259     
           5           6   1.4863016312101691     
           1           7   1.1290439800531296     
           6           7   1.2513292311770561     
           7           8   1.0009566642726215     
           1           9  0.13359663606863037     
           2           9   1.3667244423318334     
           5          10  0.96863926691091506     
           6          11  0.96189993624047732     
           8          12  0.96998213462204508     
           8          13  0.97557329195482789     
           8          14  0.97301795037520589     
           4          15  0.40682995153748097     
           9          15  0.43530634551743191     
          16          17   1.3597201018317762     
          17          18   1.0364486304573015     
          15          19  0.42050140843682055     
          18          19   1.4513175239520688     
          18          20   1.2337704681015695     
          20          21   1.4915242033659364     
          16          22   1.1238828946796970     
          21          22   1.2504598373378313     
          22          23   1.0013595422823502     
          15          24  0.44003473459909087     
          16          24  0.13506215914882247     
          17          24   1.3636320636701880     
          20          25  0.96877614752938435     
          21          26  0.96295006281102435     
          23          27  0.97509689432835278     
          23          28  0.97429828998119827     
          23          29  0.96857553862498069     
          30          31   1.3541023129957837     
          31          32   1.0409509691134982     
          15          33  0.41096790162369951     
          32          33   1.4166698996748264     
          32          34   1.2445304568673561     
          34          35   1.4859416085915076     
          30          36   1.1285005426382824     
          35          36   1.2522458496739006     
          36          37   1.0007646419619485     
          15          38  0.43897936040043406     
          30          38  0.13365789424813446     
          31          38   1.3658779923452946     
          34          39  0.96863185091672999     
          35          40  0.96184040150104089     
          37          41  0.97404799463480829     
          37          42  0.97532737437702965     
          37          43  0.96937752175807101     
          16          44   1.0253282014738523     
          44          45  0.97914717887894898     
          44          46  0.97217383575566407     
          44          47  0.97417346016391471     
           1          48   1.0261075028037339     
          48          49  0.97363641021796343     
          48          50  0.97916667622457221     
          48          51  0.97089975997511746     
          30          52   1.0259742707689066     
          52          53  0.97305031841425027     
          52          54  0.97902213364137636     
          52          55  0.97277646210493240     
          56          57  0.86920960010643511     
          56          58  0.87090023862144506     
          59          60  0.87298285000576503     
          59          61  0.86943610078454037     
          62          63  0.86420774027591096     
          62          64  0.86525732791942900     
          65          66  0.86543795082495134     
          65          67  0.86399257669919494     
          68          69  0.86482983053140616     
          68          70  0.86589517869293220     
          71          72  0.86493559020196109     
          71          73  0.86469390509305277     
          74          75  0.86921451116375725     
          74          76  0.87064719144814495     
          77          78  0.87055664960566226     
          77          79  0.86949502486780084     
          80          81  0.87245321458928293     
          80          82  0.87285236554612544     
          83          84  0.87653804591992490     
          83          85  0.86820679087794472     
          86          87  0.87354832265339466     
          86          88  0.87198749970073386     
          89          90  0.86463895785822120     
          89          91  0.86680141759635854     
          92          93  0.87107048516929764     
          92          94  0.86976409580880498     
          95          96  0.87228250537961793     
          95          97  0.87056567990472633     
          98          99  0.86502478519652115     
          98         100  0.86341467038748387     
         101         102  0.87307680428433532     
         101         103  0.87305695746344603     
         104         105  0.87239741520750180     
         104         106  0.87272409613016300     
         107         108  0.87056821842305965     
         107         109  0.87135585646847813     
         110         111  0.87027345562142011     
         110         112  0.87107779898342952     
         113         114  0.87035742877507016     
         113         115  0.87128335426863956     
         116         117  0.86953936753802941     
         116         118  0.86921471355063584     
         119         120  0.86588481775943604     
         119         121  0.86429968775804789     
         122         123  0.87094069340844460     
         122         124  0.87014761570650756     
         125         126  0.87031079513656595     
         125         127  0.87104717276160415     
         128         129  0.87164081455801934     
         128         130  0.87004117655888868     
         131         132  0.85049909142362079     
         131         133  0.85630474844545112     
         134         135  0.86847579574093547     
         134         136  0.86957316388611217     
         137         138  0.86774443474361673     
         137         139  0.86992998713294667     
         140         141  0.86305533348564933     
         140         142  0.87402613578074018     
         143         144  0.87371787171610726     
         143         145  0.86205718029412637     
         146         147  0.86543221071361409     
         146         148  0.87035886251200001     
         149         150  0.87273751714283765     
         149         151  0.86292695391759577     
         152         153  0.86734930516255027     
         152         154  0.87076895253520403     
         155         156  0.86851454471413037     
         155         157  0.87022767770397469     
         158         159  0.86506070759834253     
         158         160  0.87313467811421575     
         161         162  0.86564692025390522     
         161         163  0.86675267453874738     
         164         165  0.86308874206321340     
         164         166  0.87364022064533087     
         167         168  0.87288045034626005     
         167         169  0.86252037648535262     
         170         171  0.86852547313050454     
         170         172  0.87065301308499654     
         173         174  0.86869265888344604     
         173         175  0.86869088045265008     
         176         177  0.86004174206584105     
         176         178  0.87490974573648339     
         179         180  0.86780549581631283     
         179         181  0.87097856045327249     
         182         183  0.86842108523741879     
         182         184  0.86852329004445716     
         185         186  0.86504588202386090     
         185         187  0.86576657040688498     
         188         189  0.86867965847944406     
         188         190  0.86901444612063150     
         191         192  0.86848152451850136     
         191         193  0.87222995132446424     
         194         195  0.86842660146208572     
         194         196  0.87115103615208744     
         197         198  0.87042015970524333     
         197         199  0.86867470390770485     
         200         201  0.87222691809413833     
         200         202  0.87405027910109889     
         203         204  0.86959598335566146     
         203         205  0.86968909318039056     
         206         207  0.86928862954239705     
         206         208  0.87023911317710612     
         209         210  0.87030611309034267     
         209         211  0.86977466677858417     
         212         213  0.87073330404432392     
         212         214  0.86967098573914903     
         215         216  0.87122372931775249     
         215         217  0.86834424801694887     
         218         219  0.86866727179551950     
         218         220  0.87006797495493449     
         221         222  0.87356744956487742     
         221         223  0.86320715806873050     
         224         225  0.86888457834779675     
         224         226  0.86972516849900749     
         227         228  0.86950511023974220     
         227         229  0.87008058552779532     
         230         231  0.86511834165461676     
         230         232  0.86511165510573984     
         233         234  0.86881157441517931     
         233         235  0.86970271492966933     
         236         237  0.86811255476515348     
         236         238  0.87026237094324788     
         239         240  0.87007103176073897     
         239         241  0.86947381650109312     
         242         243  0.86882768739321237     
         242         244  0.86893295051003949     
         245         246  0.86895955019035664     
         245         247  0.86935810278612768     
         248         249  0.87070293798247478     
         248         250  0.86915283693636536     
         251         252  0.86683778945852974     
         251         253  0.86777695849298653     
         254         255  0.86965115560219908     
         254         256  0.86919070843294244     
         257         258  0.87038727236306779     
         257         259  0.86892448182458160     
         260         261  0.86800021121580440     
         260         262  0.86974004152747808     
         263         264  0.86557640421013615     
         263         265  0.86667918144636813     
         266         267  0.86959053003276576     
         266         268  0.86985321944596206     
         269         270  0.86534090574926292     
         269         271  0.86596053121015615     
         272         273  0.86884307455184873     
         272         274  0.86961511293201554     
         275         276  0.87055360508431234     
         275         277  0.86910101225062375     
         278         279  0.86885465269592277     
         278         280  0.86975808141804067     
         281         282  0.86868196676336062     
         281         283  0.86978821039332277     
         284         285  0.86911476011706190     
         284         286  0.86972097838039231     
         287         288  0.86972247585474172     
         287         289  0.87050315285149371     
         290         291  0.86005802768365158     
         290         292  0.87591263119482787     
         293         294  0.86886581139556918     
         293         295  0.87002875147256709     
         296         297  0.86946307956501123     
         296         298  0.86897050190651781     
         299         300  0.86974533827091960     
         299         301  0.86954748225758549     
         302         303  0.87099549551507793     
         302         304  0.86794510132261526     
         305         306  0.86658133430379236     
         305         307  0.87143021704458046     
         308         309  0.86857041725981921     
         308         310  0.86981724203416511     
         311         312  0.86951509254849502     
         311         313  0.86891557346416237     
         314         315  0.87085567988432033     
         314         316  0.86803291889858269     
         317         318  0.87088582910831769     
         317         319  0.86818032098270215     
         320         321  0.87056721973667939     
         320         322  0.86926736640009250     
         323         324  0.86867277137268939     
         323         325  0.87015933676942137     
         326         327  0.87062047434198142     
         326         328  0.86818935516134366     
         329         330  0.86921519613587228     
         329         331  0.87042662205831856     
         332         333  0.86961724594694312     
         332         334  0.86971601241206542     
         335         336  0.86911137311830411     
         335         337  0.87019746114576546     
         338         339  0.87037087818003200     
         338         340  0.86910440361877883     
         341         342  0.87022270872945362     
         341         343  0.86736706469366731     
         344         345  0.86854963497316096     
         344         346  0.87031566839183716     
         347         348  0.86830685271306618     
         347         349  0.87079349630721181     
         350         351  0.87146519032615599     
         350         352  0.86803111495502905     
         353         354  0.86912490423308186     
         353         355  0.87101156598101703     
         356         357  0.86943843241489482     
         356         358  0.86967850354689735     
         359         360  0.87510675298737428     
         359         361  0.86104103560291601     
         362         363  0.86915002554103760     
         362         364  0.87013755753251665     
         365         366  0.87042748628746303     
         365         367  0.86795469606521725     
         368         369  0.87039456201512200     
         368         370  0.86921138908707185     
         371         372  0.87153448141582635     
         371         373  0.86827582976815898     
