   -0.11089842
    0.04765697
    0.13381525
    0.17042383
   -0.35654094
   -0.10666367
    0.07299234
   -0.23186087
   -0.43993574
    0.04204229
    0.04144091
    0.06544133
    0.03972721
    0.04725633
    0.75524205
   -0.11088674
    0.04762046
    0.13375519
    0.17029240
   -0.35647232
   -0.10659306
    0.07295277
   -0.23220770
   -0.43997185
    0.04194396
    0.04144099
    0.06552147
    0.03982570
    0.04725528
   -0.11097388
    0.04780055
    0.13368162
    0.17055949
   -0.35684237
   -0.10665922
    0.07298639
   -0.23203203
   -0.43955088
    0.04209797
    0.04150003
    0.06562039
    0.03985866
    0.04733785
