           1           2   1.0199192046617434     
           2           3   1.3910084283807738     
           3           4   1.0191790330304404     
           4           5   1.4809423852463048     
           4           6   1.1903850201049873     
           6           7   1.5781319022651703     
           2           8   1.0241332710254545     
           7           8   1.1397789735223205     
           2           9  0.14567200880271028     
           3           9   1.3655567196421741     
           1          10  0.97408502803369057     
           1          11  0.97407432737520094     
           1          12  0.98095426093043014     
           6          13  0.96656988213639827     
           7          14  0.95892119625373862     
           4          15  0.10269003333007540     
           5          15  0.47505093922000996     
           9          15  0.42254912478616841     
          16          17   1.0199645939902346     
          17          18   1.3909858360996978     
          15          19  0.10318127888311487     
          18          19   1.0194332619954112     
          15          20  0.47588118233011201     
          19          20   1.4805391113331183     
          19          21   1.1902344926442836     
          21          22   1.5784069423303850     
          17          23   1.0239614196370508     
          22          23   1.1394537356532481     
          15          24  0.42270940418130365     
          17          24  0.14571561841104952     
          18          24   1.3653942835137527     
          16          25  0.97398136135479751     
          16          26  0.97416924283279760     
          16          27  0.98091785662179065     
          21          28  0.96655838152821638     
          22          29  0.95893949029566206     
          30          31   1.0200165411101216     
          31          32   1.3909763903794605     
          15          33  0.10205280190168650     
          32          33   1.0193617851271308     
          15          34  0.47344532492439867     
          33          34   1.4815422837461236     
          33          35   1.1902669150547143     
          35          36   1.5782306646299664     
          31          37   1.0242154594893966     
          36          37   1.1395978910209146     
          15          38  0.42373906294374364     
          31          38  0.14555935299884337     
          32          38   1.3652092759724639     
          30          39  0.97421176234442397     
          30          40  0.97388801091992394     
          30          41  0.98088084103772499     
          35          42  0.96654722856003339     
          36          43  0.95893539440585107     
