           1           2   1.0347083175853053     
           2           3   1.2527232949474520     
           3           4  0.93217077312005514     
           4           5   1.7354316663462677     
           4           6   1.0719549538142927     
           6           7   1.7353915232509611     
           2           8   1.0707760766657326     
           7           8   1.0381065427194061     
           3           9   1.5542203261028682     
           1          10  0.95475907654798298     
           1          11  0.95475652558083912     
           1          12  0.98021960578369260     
           6          13  0.96310055507833880     
           7          14  0.96147956954231839     
