   -0.08751020
   -0.08433786
   -0.11839940
    0.12590158
    0.12403067
   -0.11440628
   -0.57220971
   -0.54135254
   -0.03448601
   -0.03099011
   -0.04324488
   -0.05013090
    0.56168257
   -0.08978066
   -0.08600320
   -0.12197702
    0.12341548
    0.11466267
   -0.11778385
   -0.53754985
   -0.52163937
   -0.03380215
   -0.03003415
   -0.04734737
   -0.04684294
   -0.08730094
   -0.08623507
   -0.11884032
    0.11723433
    0.11764895
   -0.11887472
   -0.55117306
   -0.53672532
   -0.03524989
   -0.03603196
   -0.05143001
   -0.04722147
   -0.71848462
    0.35255589
    0.36592862
   -0.69558440
    0.36163184
    0.35044433
   -0.71131285
    0.35589817
    0.35541430
   -0.71201552
    0.35033518
    0.36168029
   -0.70512375
    0.34601053
    0.35911370
   -0.71273518
    0.35059870
    0.36213637
   -0.70586133
    0.34680788
    0.35905134
   -0.71130597
    0.34909080
    0.36221510
   -0.70157429
    0.35675424
    0.34481554
   -0.73193421
    0.32411733
    0.32380222
   -0.71545129
    0.35035545
    0.36509578
   -0.71572405
    0.33251157
    0.32062789
   -0.71030203
    0.34646643
    0.36383537
   -0.71215097
    0.36705702
    0.34509349
   -0.71575497
    0.30246551
    0.30495966
   -0.70365928
    0.32467136
    0.32826270
   -0.71043113
    0.35955035
    0.35088081
   -0.70781029
    0.36257376
    0.34523579
   -0.70455471
    0.36050328
    0.34405060
   -0.70221389
    0.34992120
    0.35229293
   -0.70999255
    0.36281098
    0.34718142
   -0.71641127
    0.36766072
    0.34875042
   -0.69408498
    0.34935283
    0.36038319
   -0.70225828
    0.36872972
    0.35223611
   -0.70462191
    0.36399148
    0.36031650
   -0.70180975
    0.35813287
    0.32718511
   -0.71783387
    0.35893822
    0.35889565
   -0.71792548
    0.36050858
    0.35741690
   -0.71924061
    0.36107252
    0.35816809
   -0.71946735
    0.35579428
    0.36367306
   -0.70949251
    0.35189027
    0.35760218
   -0.71742084
    0.36072672
    0.35669410
   -0.71928422
    0.35525187
    0.36403234
   -0.71320911
    0.34783373
    0.36537530
   -0.71701936
    0.35326034
    0.36375904
   -0.71916964
    0.36313189
    0.35603779
   -0.72233380
    0.35771991
    0.36461390
   -0.72364106
    0.35907013
    0.36457098
   -0.70721940
    0.34777254
    0.35944676
   -0.72144252
    0.36371450
    0.35772803
   -0.71846422
    0.36147612
    0.35698808
   -0.71538980
    0.34979363
    0.36559611
   -0.72220226
    0.36247262
    0.35972964
   -0.70939953
    0.36066706
    0.34873240
   -0.71985145
    0.36175933
    0.35809214
   -0.72144178
    0.36580881
    0.35563297
   -0.71605459
    0.36547798
    0.35057652
   -0.72203775
    0.35726966
    0.36476810
   -0.70389584
    0.36360328
    0.35698202
   -0.71882310
    0.35901512
    0.35980797
   -0.72417674
    0.36370308
    0.36047366
   -0.71626748
    0.36599463
    0.35027282
   -0.72145328
    0.35783014
    0.36362313
   -0.71726635
    0.36116960
    0.35609674
   -0.72081084
    0.36485376
    0.35595706
   -0.71963463
    0.35940149
    0.36023315
   -0.71555376
    0.35658153
    0.35897224
   -0.71944371
    0.35813211
    0.36131161
   -0.71841101
    0.35799826
    0.36041271
   -0.69822828
    0.35650600
    0.32607075
   -0.70373070
    0.35773563
    0.32728750
   -0.70348839
    0.32955869
    0.35424361
   -0.71779085
    0.35772256
    0.36006829
   -0.72090907
    0.35819671
    0.36271234
   -0.71860761
    0.35858618
    0.36002143
   -0.71948759
    0.35845799
    0.36102956
   -0.71896900
    0.35994577
    0.35902322
   -0.71673572
    0.35839028
    0.35834542
   -0.71888023
    0.35913015
    0.35975005
   -0.72110189
    0.36365005
    0.35745184
   -0.71951140
    0.35526511
    0.36424632
   -0.71925144
    0.36016246
    0.35908898
   -0.71772931
    0.36018737
    0.35754192
   -0.72146993
    0.35906359
    0.36240631
   -0.72029328
    0.36153295
    0.35876030
   -0.71712770
    0.35822961
    0.35889807
   -0.71979901
    0.35918947
    0.36060952
   -0.72093578
    0.36039309
    0.36054268
   -0.72353579
    0.35703489
    0.36650089
   -0.72106666
    0.36051772
    0.36054893
   -0.72033499
    0.36272137
    0.35761361
   -0.72071374
    0.35951251
    0.36120121
   -0.72170372
    0.36167387
    0.36002985
   -0.71742569
    0.35973530
    0.35769038
   -0.72158065
    0.36014362
    0.36143704
   -0.72044867
    0.36149525
    0.35895341
   -0.72011439
    0.35989001
    0.36022438
   -0.72165143
    0.36030228
    0.36134912
   -0.71858145
    0.36290689
    0.35567455
   -0.72131063
    0.36095483
    0.36035578
   -0.72118268
    0.36155618
    0.35962648
   -0.71915025
    0.35638107
    0.36276918
   -0.72074704
    0.36087083
    0.35987621
   -0.70400671
    0.35817888
    0.32913835
   -0.71934892
    0.35873674
    0.36061218
   -0.72058562
    0.36087626
    0.35970936
   -0.71797793
    0.36189284
    0.35608509
   -0.72067830
    0.36027921
    0.36039908
   -0.71977642
    0.36321133
    0.35656509
   -0.72123389
    0.36000052
    0.36123338
   -0.72029325
    0.35958132
    0.36071191
   -0.71867703
    0.35906347
    0.35961354
   -0.72000998
    0.36031973
    0.35969025
   -0.71760542
    0.35966146
    0.35794394
   -0.71874424
    0.35767423
    0.36107000
   -0.72027831
    0.36168479
    0.35859351
   -0.71758963
    0.35769898
    0.35989064
   -0.71996413
    0.35759033
    0.36237378
   -0.72017559
    0.35943331
    0.36074227
   -0.71874746
    0.35842287
    0.36032456
   -0.71841130
    0.35728705
    0.36112422
