           1           2   1.4606847260027165     
           2           3   1.3716551748215424     
           3           4   1.3608285304508594     
           4           5   1.1266053214481453     
           1           6   1.3601204336638153     
           5           6   1.3866311966612326     
           5           7   1.2248107916673530     
           3           8  0.10057422293378104     
           4           8   1.2720911459799360     
           1           9  0.97044239407187272     
           2          10  0.97032636984515408     
           3          11  0.96887242046723465     
           6          12  0.96796629166826498     
           7          13  0.30294142298007304     
           8          13  0.32369751250743350     
          14          15   1.4609169880763346     
          15          16   1.3704077698359887     
          16          17   1.3460347457988384     
          17          18   1.1133673705251148     
          14          19   1.3561358160564252     
          18          19   1.3819631708918074     
          13          20  0.37051744495019007     
          18          20   1.2459572296324111     
          13          21  0.40949037036967112     
          16          21  0.10821172868707615     
          17          21   1.2971949633875846     
          14          22  0.97048001332326317     
          15          23  0.97033715219560535     
          16          24  0.96847982855387904     
          19          25  0.96819570979303615     
          26          27   1.4588716746304464     
          27          28   1.3673448671639743     
          28          29   1.3605110998670749     
          29          30   1.1200248579861771     
          26          31   1.3641121601053832     
          30          31   1.3683964728940843     
          13          32  0.32989775506544688     
          30          32   1.2652198837976734     
          31          32  0.10200448393532170     
          13          33  0.36515632636409623     
          28          33  0.10211585412080142     
          29          33   1.2753269525011695     
          26          34  0.97021044703501202     
          27          35  0.97001292428465224     
          28          36  0.96820108947825934     
          31          37  0.96843424664259714     
          38          39  0.87559492931928884     
          38          40  0.86598705403405540     
          41          42  0.86642170762208304     
          41          43  0.87437282364799107     
          44          45  0.87326163917308908     
          44          46  0.87360554132058021     
          47          48  0.87720675135745485     
          47          49  0.86912866478711603     
          50          51  0.88028090821812999     
          50          52  0.87104303896454105     
          53          54  0.87699126841151831     
          53          55  0.86876805182052819     
          56          57  0.87973116381448269     
          56          58  0.87108821857076646     
          59          60  0.87810324573747489     
          59          61  0.86876799061629384     
          62          63  0.87274063767502108     
          62          64  0.88111874071342544     
          65          66  0.78817156636053509     
          65          67  0.77712831071898869     
          68          69  0.87717394522200709     
          68          70  0.86662800848033283     
          71          72  0.78370642014125125     
          71          73  0.84124734725525563     
          74          75  0.87994199314039223     
          74          76  0.86760472814176359     
          77          78  0.86521588361757884     
          77          79  0.88085732467453548     
          80          81  0.84549166857103375     
          80          82  0.81506947739711011     
          83          84  0.80635587765808925     
          83          85  0.84432430449457185     
          86          87  0.87068734198298203     
          86          88  0.87684648466059767     
          89          90  0.86852035298093755     
          89          91  0.88079228827981004     
          92          93  0.87004542471758262     
          92          94  0.88163751970309567     
          95          96  0.87754157116877485     
          95          97  0.87587597978446041     
          98          99  0.86833055368438217     
          98         100  0.87942737441806784     
         101         102  0.86472914582016713     
         101         103  0.87827666897208068     
         104         105  0.87504332463317969     
         104         106  0.86747181178366306     
         107         108  0.86138904705234653     
         107         109  0.87358488917448263     
         110         111  0.86497744600750248     
         110         112  0.86769883556007155     
         113         114  0.87167421570444414     
         113         115  0.86887100178609633     
         116         117  0.87105080588951000     
         116         118  0.87108144184939418     
         119         120  0.86990385840991724     
         119         121  0.87212338735224026     
         122         123  0.86950981947287742     
         122         124  0.87159884049086656     
         125         126  0.87328693431858539     
         125         127  0.86761835292475809     
         128         129  0.87614002250106227     
         128         130  0.87208767210774263     
         131         132  0.86977586059964052     
         131         133  0.87266897587290204     
         134         135  0.87369004698646224     
         134         136  0.86737442493025774     
         137         138  0.87894911705238821     
         137         139  0.86643849280272034     
         140         141  0.87511810721336025     
         140         142  0.86759030150498040     
         143         144  0.86799585631054688     
         143         145  0.87309773315119066     
         146         147  0.87189407883036496     
         146         148  0.86691430911186507     
         149         150  0.87093336984327419     
         149         151  0.86695273034099007     
         152         153  0.87903399802132265     
         152         154  0.87077795354042897     
         155         156  0.86757973912798769     
         155         157  0.87189851893931392     
         158         159  0.86922467431583328     
         158         160  0.87244914823161679     
         161         162  0.87755826465912701     
         161         163  0.86625345223610739     
         164         165  0.86846818437949047     
         164         166  0.87044905737017464     
         167         168  0.86990124089400267     
         167         169  0.87836751775281618     
         170         171  0.86900420059738570     
         170         172  0.87164399424882510     
         173         174  0.86604411628214173     
         173         175  0.87338533426674869     
         176         177  0.86631956693547929     
         176         178  0.87698979750015416     
         179         180  0.87222390515002490     
         179         181  0.86680977558586947     
         182         183  0.86502872280821863     
         182         184  0.86985579757211573     
         185         186  0.87098332080517482     
         185         187  0.87041352496499291     
         188         189  0.86756395023271760     
         188         190  0.86990258201430559     
         191         192  0.86592328926765005     
         191         193  0.87718423827177938     
         194         195  0.87181150829477172     
         194         196  0.86763212570425452     
         197         198  0.86943778498569635     
         197         199  0.87307635432385078     
         200         201  0.86674116095914266     
         200         202  0.87315396669810186     
         203         204  0.87070603300907057     
         203         205  0.87010757160064944     
         206         207  0.87275465896189175     
         206         208  0.87104387744963718     
         209         210  0.87161765619603748     
         209         211  0.86933028779149346     
         212         213  0.87171253608534915     
         212         214  0.86997787364180612     
         215         216  0.87287069864269862     
         215         217  0.87069820103195461     
         218         219  0.87197294220407695     
         218         220  0.86603246677753265     
         221         222  0.86324410866769741     
         221         223  0.87443405947937292     
         224         225  0.87190154619859794     
         224         226  0.87021781115263341     
         227         228  0.87152129050455041     
         227         229  0.86826596528107625     
         230         231  0.87127292483791408     
         230         232  0.87024152611662475     
         233         234  0.87136909340205781     
         233         235  0.86951892582461809     
         236         237  0.87029441915302352     
         236         238  0.87095772205494981     
         239         240  0.87142256970530374     
         239         241  0.87145472200964258     
         242         243  0.87087830674881905     
         242         244  0.87043268090307202     
         245         246  0.86760551302314814     
         245         247  0.87207505581361855     
         248         249  0.87366940987608821     
         248         250  0.86720734686586953     
         251         252  0.87014380474285336     
         251         253  0.87091592039870414     
         254         255  0.87012974598530257     
         254         256  0.87202846880592699     
         257         258  0.87090273204632984     
         257         259  0.86849103018761142     
         260         261  0.86917222617402057     
         260         262  0.87116939204387545     
         263         264  0.87154070325945954     
         263         265  0.87106130811540461     
         266         267  0.87083122232808052     
         266         268  0.86980904928152181     
         269         270  0.86996127671835666     
         269         271  0.86985345639785372     
         272         273  0.87236541688621616     
         272         274  0.86551636929494580     
         275         276  0.86988467323831720     
         275         277  0.86986212315485301     
         278         279  0.86828516696528357     
         278         280  0.87196447226714335     
         281         282  0.87059378377709595     
         281         283  0.86937673697279749     
         284         285  0.86900448707853317     
         284         286  0.87019096374237470     
         287         288  0.87045110863677189     
         287         289  0.87191819065773279     
         290         291  0.87015482565012758     
         290         292  0.86922167930852146     
         293         294  0.86916283400073047     
         293         295  0.87099408062669836     
         296         297  0.87034473669097734     
         296         298  0.87010402171832568     
         299         300  0.87000712704739525     
         299         301  0.86925161055982281     
         302         303  0.86816324624269325     
         302         304  0.87336023493349835     
         305         306  0.86956475850864978     
         305         307  0.86999703456313471     
         308         309  0.86911865530159726     
         308         310  0.87051034514252301     
         311         312  0.87283858056636199     
         311         313  0.86824459224690587     
         314         315  0.86962837890620326     
         314         316  0.87034530899294349     
         317         318  0.87165326127941367     
         317         319  0.86742159339682079     
         320         321  0.87116074095135909     
         320         322  0.86981159398131602     
         323         324  0.86963113498419597     
         323         325  0.87047197955854205     
         326         327  0.86889409329541878     
         326         328  0.87306395034291517     
         329         330  0.87005579598600680     
         329         331  0.86996920252640297     
         332         333  0.86791076669450939     
         332         334  0.87269457656286864     
         335         336  0.87024244413840235     
         335         337  0.86935335110894030     
         338         339  0.87056329523395959     
         338         340  0.86974892386427172     
         341         342  0.87093785288890213     
         341         343  0.87054246124664636     
         344         345  0.87005394300877847     
         344         346  0.87050719320923764     
         347         348  0.87051027463105246     
         347         349  0.87174278338432898     
         350         351  0.87193430633470859     
         350         352  0.86949363379783207     
         353         354  0.86906413788593295     
         353         355  0.87129097035159753     
         356         357  0.87192195567281205     
         356         358  0.87034926545359148     
         359         360  0.87199322620995301     
         359         361  0.86854932925882733     
         362         363  0.87065533612250878     
         362         364  0.86971263443334412     
         365         366  0.87140045265208965     
         365         367  0.87003367752034855     
         368         369  0.87221541092177235     
         368         370  0.86945871173195122     
