$coord
        4.84125828611800        1.05966314674000       -0.00002135059400      C 
        2.17091789867100        0.08413597541200       -0.00000196178700      C 
        0.12308500093000        1.63552853228700        0.00000996814600      C 
       -2.43021905098300        0.25350483953100        0.00000468106300      C 
       -4.52676665379300        1.26797455413700       -0.00002002753200      O 
       -2.39396345542800       -2.53650264403600        0.00000357551200      C 
       -0.18252475477500       -3.72489661800700        0.00000038289000      C 
        2.10225631813200       -2.53442064720700        0.00001473274400      O 
        0.03950718507900        4.02925687151600        0.00001780364000      O 
        5.84088381043900        0.37010178158100        1.67602178607900      H 
        5.84079721913100        0.37018823388100       -1.67614547502300      H 
        4.97503278537900        3.12237787927300        0.00001770098100      H 
       -4.19388828843400       -3.49340097098500       -0.00001295597700      H 
        0.03103122501100       -5.75174466690700       -0.00002355545800      H 
$end
 $chrg 0
$end
