          14
 6        4.8412582861        1.0596631467       -0.0000213506 -0.8391144570E-01
 6        2.1709178987        0.0841359754       -0.0000019618  0.2423263220E+00
 6        0.1230850009        1.6355285323        0.0000099681  0.2893659783E+00
 6       -2.4302190510        0.2535048395        0.0000046811  0.3569449746E+00
 8       -4.5267666538        1.2679745541       -0.0000200275 -0.4605211524E+00
 6       -2.3939634554       -2.5365026440        0.0000035755 -0.1100029875E+00
 6       -0.1825247548       -3.7248966180        0.0000003829  0.2319916894E+00
 8        2.1022563181       -2.5344206472        0.0000147327 -0.3450257145E+00
 8        0.0395071851        4.0292568715        0.0000178036 -0.4826025214E+00
 1        5.8408838104        0.3701017816        1.6760217861  0.7005372029E-01
 1        5.8407972191        0.3701882339       -1.6761454750  0.7005435524E-01
 1        4.9750327854        3.1223778793        0.0000177010  0.7384485848E-01
 1       -4.1938882884       -3.4934009710       -0.0000129560  0.8490322690E-01
 1        0.0310312250       -5.7517446669       -0.0000235555  0.6257869623E-01
   24    3.23491164   -0.32468806   -0.43141143  -29.67079168
 1        2.0828919411       -1.5188480616       -0.0476227701
 1        1.2327555418       -2.9217472076       -0.1803947240
 2        2.5741927624       -2.8150670528       -0.1333165020
 2        1.8466554880       -2.5467407703        0.3590496778
 3       -3.7431795597        0.9110324383       -0.4774684310
 3       -3.7432072163        0.9110311866        0.4774758816
 3        0.0906158611        3.2814142704        0.4534527063
 3        0.0906531587        3.2813117504       -0.4533791840
 1        3.4559061527        0.5720943213       -0.0002560402
 1       -0.0466091409       -5.0429320335       -0.0008645639
 1       -2.3822906017       -1.1898849010       -0.0008249244
 1       -1.1432439089        0.9369503260       -0.0003518352
 1       -3.5458266735       -3.1570253372       -0.0000848150
 1        5.4560675621        0.6016571522        1.0914442539
 1        5.4560561180        0.6017103195       -1.0914995670
 1        4.8976373672        2.3862881660        0.0000068286
 3       -1.3933734894       -2.9639713764       -0.5280905962
 3       -1.3949198723       -2.9575591087        0.5303751230
 2       -4.5734786987        1.8086832762       -0.0000291793
 2       -4.9109520912        0.9014735222       -0.0000344817
 2        0.5117770433        4.2945857048        0.0000009313
 3        1.1618546247        0.6893339753       -0.5280472040
 2       -0.4672516882        4.2304763794       -0.0000123422
 3        1.1594265699        0.6875195503        0.5304357409
  0.016616  0.196878  0.100267  0.069485  0.194751  0.076354  0.003790  0.032797  0.281209  0.009753
  0.009754  0.000310  0.004795  0.003241
  0.000518  0.124857  0.000937  0.296820  0.182961  0.033502  0.263026  0.088724  0.000686  0.003984
  0.003984  0.000000  0.000000  0.000000
