    1.09351640
   -0.61540485
   -0.62241770
   -0.62085734
   -0.59087630
   -0.61534449
   -0.63440176
    0.33698530
    0.34719904
    0.35337213
    0.35132996
    0.34376964
    0.33809969
    0.36675765
    0.34944187
    0.35319836
    0.35784033
    0.33795735
    0.33099079
   -0.61768612
   -0.66434142
   -0.74024161
   -0.61256934
   -0.67860967
   -0.91443943
   -0.67660454
   -0.68440054
   -0.66961062
   -0.69182492
   -0.67265545
   -0.69160451
    0.31103086
    0.19057367
    0.34648594
    0.36747398
    0.33767743
    0.34915914
    0.32885848
    0.36371466
    0.28816900
   -0.99999992
    0.33421253
    0.34886965
    0.33639030
    0.35598352
    0.34702325
    0.35656232
    0.35004963
    0.35504373
    0.34603075
    0.34805618
    0.34310248
    0.35128911
    0.34700479
    0.35067063
