           1           2  0.13694986303987877     
           1           3  0.21463403123561153     
           1           4  0.18815345756207691     
           1           5  0.16336190630149824     
           1           6  0.17059303286856708     
           1           7  0.19603075440435053     
           6           8  0.85839801280490347     
           6           9  0.83057004255483025     
           7          10  0.82203372379800221     
           7          11  0.83003988196294110     
           2          12  0.87731581702291950     
           2          13  0.82370077175492729     
           4          14  0.81261323190695145     
           4          15  0.82979855460399188     
           3          16  0.82972831916895551     
           3          17  0.81138644605860477     
           5          18  0.87343614633565425     
           5          19  0.84854723566313794     
           1          20  0.15270567791261278     
           1          23  0.14580493450149898     
          22          32  0.68168381224381625     
          25          32  0.22059317242569099     
          25          33  0.94611126528296696     
          20          34  0.87389020761051528     
          20          35  0.84686547077869567     
          24          36  0.84634794499786326     
          24          37  0.86189113761213365     
          29          38  0.87548405119514972     
          29          39  0.80370453637776329     
          22          40  0.91023178173317321     
          23          42  0.78891131709625240     
          23          43  0.86487552749233743     
          31          44  0.87570761329826097     
          31          45  0.79987324269372517     
          30          46  0.87308930731880940     
          30          47  0.83727698321240773     
          28          48  0.86690980053109268     
          28          49  0.85018803123234021     
          27          50  0.84554089737432958     
          27          51  0.83870177846466687     
          26          52  0.87843082479603840     
          26          53  0.85097310146406024     
          21          54  0.87316792866712623     
          21          55  0.83946854506094248     
