   -0.08578790
   -0.05437005
   -0.09929472
    0.16861700
   -0.09433357
   -0.04624491
    0.33940484
   -0.43510964
   -0.72749679
   -0.45005397
   -0.00492067
    0.00789829
   -0.00472200
   -0.01653219
    0.53934808
   -0.08818788
   -0.05270665
   -0.09815239
    0.17050309
   -0.09575849
   -0.04565536
    0.33305687
   -0.39794554
   -0.70488066
   -0.39345181
   -0.00249521
    0.01079524
    0.00402734
   -0.01221153
   -0.08548915
   -0.05311685
   -0.09951736
    0.17246689
   -0.08963569
   -0.04657324
    0.34110646
   -0.42814380
   -0.70946631
   -0.43717228
    0.00295178
    0.00977700
    0.00389223
   -0.01023262
   -0.70191802
    0.35181376
    0.36720035
   -0.70510040
    0.36061257
    0.34448743
   -0.71360930
    0.35592404
    0.35768520
   -0.67814421
    0.29676617
    0.32174675
   -0.70653652
    0.35549619
    0.35104017
   -0.70733288
    0.36181476
    0.34551816
   -0.70662953
    0.36100942
    0.34562001
   -0.71932848
    0.35538484
    0.36394360
   -0.68331591
    0.33975067
    0.31891160
   -0.69825064
    0.35229435
    0.36559339
   -0.70290627
    0.34477006
    0.35813424
   -0.70692151
    0.36421434
    0.34270710
   -0.68702482
    0.32951552
    0.31651595
   -0.70926194
    0.35085947
    0.30645459
   -0.71346902
    0.36401724
    0.34945180
   -0.70535705
    0.35700090
    0.34835657
   -0.69805688
    0.34636630
    0.35168937
   -0.70790901
    0.31405703
    0.35521231
   -0.71455053
    0.34728749
    0.36726303
   -0.71259301
    0.34462515
    0.36796782
   -0.71585393
    0.35261959
    0.36323431
   -0.71456788
    0.36359760
    0.35097028
   -0.70797214
    0.34064680
    0.36732520
   -0.71588154
    0.35115880
    0.36472271
   -0.70722872
    0.34342813
    0.36380035
   -0.71589053
    0.36494184
    0.35094859
   -0.71937580
    0.36196644
    0.35740939
   -0.71906676
    0.36010730
    0.35895948
   -0.70334357
    0.35876233
    0.32748517
   -0.72053529
    0.36219164
    0.35834364
   -0.71780094
    0.35959058
    0.35821036
   -0.70212032
    0.36325416
    0.35670444
   -0.71828664
    0.35398011
    0.36430645
   -0.70130176
    0.36108719
    0.32189961
   -0.72342824
    0.35490959
    0.36851855
   -0.71768348
    0.35787159
    0.35981188
   -0.71816979
    0.36220008
    0.35596970
   -0.71737039
    0.35907456
    0.35829586
   -0.72105860
    0.36511118
    0.35594744
   -0.71277154
    0.35336359
    0.35940785
   -0.71869992
    0.36114448
    0.35755545
   -0.71841888
    0.36258933
    0.35582952
   -0.70722034
    0.32642026
    0.36116291
   -0.71848017
    0.36377018
    0.35471000
   -0.71763813
    0.36590685
    0.35173126
   -0.72755595
    0.35868617
    0.36886978
   -0.71904515
    0.36636077
    0.35268439
   -0.70501039
    0.36301949
    0.35963446
   -0.71906701
    0.35913151
    0.35993550
   -0.71576861
    0.36130144
    0.35446719
   -0.72176736
    0.35878468
    0.36298270
   -0.72000101
    0.35653931
    0.36346170
   -0.72123627
    0.36311326
    0.35812303
   -0.72194254
    0.36150591
    0.36043664
   -0.71802813
    0.36266626
    0.35536188
   -0.71913387
    0.36089205
    0.35824180
   -0.71962800
    0.35492365
    0.36470431
   -0.71768032
    0.35696175
    0.36071858
   -0.72033083
    0.35331313
    0.36701767
   -0.71861557
    0.35920853
    0.35940702
   -0.72235563
    0.35654488
    0.36581072
   -0.71650684
    0.35884946
    0.35765735
   -0.72054284
    0.36276385
    0.35777897
   -0.71940863
    0.35823795
    0.36117066
   -0.71818550
    0.35955473
    0.35863076
   -0.72149607
    0.35444429
    0.36705173
   -0.71927129
    0.35848694
    0.36078434
   -0.70373435
    0.35680849
    0.32908755
   -0.72199642
    0.35947912
    0.36251729
   -0.72037694
    0.35927537
    0.36110155
   -0.71941950
    0.36014888
    0.35927060
   -0.72037333
    0.35950606
    0.36086724
   -0.71924329
    0.36062976
    0.35861351
   -0.71848125
    0.35899745
    0.35948376
   -0.72004485
    0.36274600
    0.35729882
   -0.71768149
    0.35855340
    0.35912806
   -0.71994887
    0.35911943
    0.36082941
   -0.72061699
    0.35822854
    0.36238844
   -0.72351187
    0.36113538
    0.36237651
   -0.71995578
    0.36010079
    0.35985498
   -0.71724006
    0.35951491
    0.35772514
   -0.72034460
    0.36010886
    0.36023573
   -0.72122842
    0.36068392
    0.36054451
   -0.71977297
    0.35910808
    0.36066490
   -0.72059852
    0.36026190
    0.36033663
   -0.72020253
    0.35884647
    0.36135603
   -0.72104010
    0.35966048
    0.36137961
   -0.72030553
    0.36079172
    0.35951378
   -0.72012297
    0.35712714
    0.36299581
   -0.72077396
    0.35803576
    0.36273818
   -0.72069464
    0.36134637
    0.35934826
   -0.70490575
    0.33101689
    0.35624527
   -0.72016855
    0.35838154
    0.36178699
   -0.71954023
    0.36157033
    0.35796988
   -0.72162428
    0.36001412
    0.36161015
   -0.72043895
    0.36226538
    0.35817355
   -0.71878778
    0.35749483
    0.36129294
   -0.72001829
    0.35905158
    0.36096672
   -0.71953014
    0.35871722
    0.36081290
   -0.71980121
    0.36038409
    0.35941709
   -0.71835722
    0.36023415
    0.35812305
   -0.72104688
    0.35928688
    0.36176001
   -0.71998962
    0.35863128
    0.36135831
   -0.71823777
    0.35949909
    0.35873868
   -0.72071536
    0.36083896
    0.35987639
   -0.72048772
    0.35870465
    0.36178304
   -0.71947498
    0.36013779
    0.35933719
   -0.71876545
    0.35955284
    0.35921263
