           1           2   1.3806884078414474     
           2           3   1.5112299596348195     
           3           4   1.2303474882151051     
           4           5   1.2103312725667810     
           1           6   1.4251646148126207     
           5           6   1.4431026240963865     
           5           7  0.97908783851757553     
           7           8   1.5028726966115293     
           7           9   1.3830143813803986     
           8           9  0.18723200274467058     
           4          10   1.3704813046345008     
           1          11  0.97202840416404468     
           2          12  0.96985597978664728     
           3          13  0.97122686509324896     
           6          14  0.96515323765624661     
           8          15  0.34646457636809336     
          10          15  0.39037730716167540     
          16          17   1.3587339559066602     
          17          18   1.5354973996942551     
          18          19   1.1979972558190046     
          19          20   1.1826183056635737     
          16          21   1.4414113442091698     
          20          21   1.4228498896640829     
          20          22   1.0213801465288077     
          15          23  0.40340430004421884     
          22          23   1.4993899667912249     
          22          24   1.3151355662547084     
          23          24  0.16778472491287605     
          15          25  0.47064401177021831     
          19          25   1.4335814821027404     
          16          26  0.97227925658457925     
          17          27  0.96956837863741974     
          18          28  0.97131075669198552     
          21          29  0.96545666390514118     
          30          31   1.3794654593592461     
          31          32   1.5125286204698583     
          32          33   1.2322625937199720     
          33          34   1.2095221552509430     
          30          35   1.4283201601370532     
          34          35   1.4384780856421688     
          34          36  0.98836384792415555     
          15          37  0.33559553176097329     
          36          37   1.5233349885095113     
          36          38   1.3440094729301979     
          37          38  0.18264169214005949     
          15          39  0.39281576797598872     
          33          39   1.3670480469177533     
          30          40  0.97211746418710121     
          31          41  0.97005992977198430     
          32          42  0.96996438892429337     
          35          43  0.96598828738804299     
          44          45  0.87343371632412237     
          44          46  0.86228233871746285     
          47          48  0.86993272958953960     
          47          49  0.88130239304590119     
          50          51  0.87322322617762327     
          50          52  0.87196630978794776     
          53          54  0.89331370793009446     
          24          55  0.11300252592543153     
          53          55  0.77248719009729938     
          56          57  0.87359303709752467     
          56          58  0.87674127894476828     
          59          60  0.86906684680075208     
          59          61  0.88059392975722461     
          62          63  0.86965306594564851     
          62          64  0.88052763053287719     
          65          66  0.87357720854679943     
          65          67  0.86742059425223528     
          68          69  0.88051260694876676     
          68          70  0.83641089822988202     
          71          72  0.87370111324558419     
          71          73  0.86414888133835588     
          74          75  0.88114163119543298     
          74          76  0.87174708951470481     
          77          78  0.86733775722486484     
          77          79  0.88254171249460189     
          80          81  0.80209928481401260     
          80          82  0.83364409747161627     
          83          84  0.87674039213578014     
          83          85  0.83557508549376824     
          86          87  0.86742147337489572     
          86          88  0.87781324251739590     
          89          90  0.87254201500263906     
          89          91  0.87863987711999392     
          92          93  0.88003229674002537     
          92          94  0.87631616116835120     
          95          96  0.84720568350953251     
          95          97  0.87374229251455571     
          98          99  0.87931855597980857     
          98         100  0.86504496135343456     
         101         102  0.88119088855296890     
         101         103  0.86455700583858386     
         104         105  0.87557182071071349     
         104         106  0.86797329327294892     
         107         108  0.86768757639649885     
         107         109  0.87671062421424095     
         110         111  0.88397350220677096     
         110         112  0.86508621670482555     
         113         114  0.87659466673792263     
         113         115  0.86688460291640201     
         116         117  0.88203569399203863     
         116         118  0.86762783129673759     
         119         120  0.86671176638489500     
         119         121  0.87672920772998852     
         122         123  0.86885759789818162     
         122         124  0.87213585443401587     
         125         126  0.87020227747010492     
         125         127  0.87102767558884941     
         128         129  0.87124800109990030     
         128         130  0.86785818281924998     
         131         132  0.86868210622702757     
         131         133  0.87145448890393662     
         134         135  0.87057629961185057     
         134         136  0.87156706680049856     
         137         138  0.86526527868937753     
         137         139  0.87035875114404426     
         140         141  0.87457408356868882     
         140         142  0.86715691141593243     
         143         144  0.86961891270085190     
         143         145  0.86949327050045055     
         146         147  0.87387627642977816     
         146         148  0.86403126897262661     
         149         150  0.87182728321968816     
         149         151  0.87043462356403523     
         152         153  0.86868955353279920     
         152         154  0.87316407627174308     
         155         156  0.87096145829647131     
         155         157  0.87152004769013502     
         158         159  0.86655008822297042     
         158         160  0.87315768538216876     
         161         162  0.87504916846834047     
         161         163  0.87074105900996279     
         164         165  0.86945530911533675     
         164         166  0.87203465458053975     
         167         168  0.86841160607452406     
         167         169  0.87326794720738854     
         170         171  0.86554579639725371     
         170         172  0.86952235330955996     
         173         174  0.86756906377803067     
         173         175  0.87407863807330388     
         176         177  0.86599849263641260     
         176         178  0.87617139974811653     
         179         180  0.87115748499729684     
         179         181  0.86374814718876203     
         182         183  0.86567056626879846     
         182         184  0.87550447965663614     
         185         186  0.86563031612565711     
         185         187  0.86809475638287381     
         188         189  0.87089941676426252     
         188         190  0.87032141214905689     
         191         192  0.86936455049536299     
         191         193  0.87425626443126558     
         194         195  0.87113015946212746     
         194         196  0.86810030401839278     
         197         198  0.87277501385675316     
         197         199  0.86779096587412186     
         200         201  0.86799399740537186     
         200         202  0.87159318113027584     
         203         204  0.86915965111884708     
         203         205  0.86993169906941659     
         206         207  0.86834870675451925     
         206         208  0.87359341217179365     
         209         210  0.86963682427451294     
         209         211  0.87154277368186672     
         212         213  0.87390889873049726     
         212         214  0.86687062373399781     
         215         216  0.87247617812600897     
         215         217  0.86977981591284725     
         218         219  0.87505847239199008     
         218         220  0.86518689842525254     
         221         222  0.87083954177307987     
         221         223  0.87069689475406487     
         224         225  0.87272322327887364     
         224         226  0.86603004231198955     
         227         228  0.87110940236963674     
         227         229  0.87196356882084336     
         230         231  0.86823197238712446     
         230         232  0.87182382609358666     
         233         234  0.87152594281627926     
         233         235  0.86941644840936660     
         236         237  0.87059332833349146     
         236         238  0.87125689318722321     
         239         240  0.87420993805172109     
         239         241  0.86511351895107524     
         242         243  0.87134330070958432     
         242         244  0.86969079474224698     
         245         246  0.87262730084881857     
         245         247  0.86595964986571361     
         248         249  0.87060928412283967     
         248         250  0.86841571891416591     
         251         252  0.87077418437140386     
         251         253  0.86945861028095028     
         254         255  0.87016006355646269     
         254         256  0.87079194537128413     
         257         258  0.87062431468731205     
         257         259  0.86964406905086322     
         260         261  0.86982170138530768     
         260         262  0.87127180366847445     
         263         264  0.87098419101427893     
         263         265  0.87063466480163987     
         266         267  0.86828251935584755     
         266         268  0.87220348566601380     
         269         270  0.87131239671213478     
         269         271  0.87089993866989746     
         272         273  0.87088657030675110     
         272         274  0.86965544846528098     
         275         276  0.87151332579777241     
         275         277  0.86851564534392234     
         278         279  0.86940525976007832     
         278         280  0.86850708029093304     
         281         282  0.87018277203449090     
         281         283  0.87035980558952852     
         284         285  0.87061711769385175     
         284         286  0.87190079167834111     
         287         288  0.87016855386196834     
         287         289  0.87007723205387744     
         290         291  0.86976738392926722     
         290         292  0.86986789584629010     
         293         294  0.87091209620740206     
         293         295  0.86979158607556051     
         296         297  0.87005944598783125     
         296         298  0.87000563340847969     
         299         300  0.87109522702600006     
         299         301  0.86928805738719717     
         302         303  0.87049686966970197     
         302         304  0.86925737740243592     
         305         306  0.86967780265204908     
         305         307  0.87059828757469071     
         308         309  0.87231728009695686     
         308         310  0.86809260378164699     
         311         312  0.87168742527708520     
         311         313  0.86829812680560159     
         314         315  0.86926813468274522     
         314         316  0.87070819296072055     
         317         318  0.86502164842367080     
         317         319  0.87295931067597843     
         320         321  0.87142474779565582     
         320         322  0.86897225169646564     
         323         324  0.86912977848499851     
         323         325  0.87172037681770909     
         326         327  0.87023297237835717     
         326         328  0.86908129331549677     
         329         330  0.86860631944325606     
         329         331  0.87155419574935822     
         332         333  0.87207359975294041     
         332         334  0.86934359532375471     
         335         336  0.87092023423021836     
         335         337  0.86954128201111480     
         338         339  0.87118079120075753     
         338         340  0.86967286895762097     
         341         342  0.86997794694063812     
         341         343  0.87067403901465024     
         344         345  0.87009457310802585     
         344         346  0.87161107942848826     
         347         348  0.87077449741753532     
         347         349  0.86899131356816151     
         350         351  0.87124093473454733     
         350         352  0.86927748282674600     
         353         354  0.87063149769687209     
         353         355  0.87117769440467152     
         356         357  0.86965611697782474     
         356         358  0.87034979262179324     
         359         360  0.87118581111561444     
         359         361  0.86896794006636324     
         362         363  0.87017056137991822     
         362         364  0.87074654686543584     
         365         366  0.87057734084146277     
         365         367  0.87082184862997603     
