    1.14876769
   -0.61048531
   -0.63567193
   -0.61217585
   -0.61417660
   -0.60682245
   -0.62646687
    0.33071648
    0.34477819
    0.35383178
    0.35605120
    0.34744840
    0.33598581
    0.35866725
    0.34876186
    0.36002142
    0.36710428
    0.34612042
    0.36003268
   -0.68709880
   -0.66535145
   -0.66113678
   -0.62682501
   -0.92935585
   -0.64979951
   -0.66460735
   -0.69907871
   -0.65576563
   -0.66290657
   -0.66730850
   -0.64569982
    0.34069229
    0.32649501
    0.33614891
   -0.99999999
    0.21986287
    0.30751122
    0.31773272
    0.36072413
    0.31264330
    0.31133211
    0.34495509
    0.35443964
    0.32798884
    0.33234481
    0.31660112
    0.35227364
    0.31911237
    0.35465004
    0.34630445
    0.35792623
    0.35046762
    0.35199973
    0.33276612
    0.34474124
   -0.69942329
    0.33670130
    0.36774650
   -0.73160607
    0.37068914
    0.36091702
   -0.70661584
    0.36929334
    0.33732252
   -0.73260071
    0.34522336
    0.34707017
   -0.73550834
    0.33588250
    0.35531060
   -0.72941646
    0.36588906
    0.36352770
   -0.73273168
    0.36702947
    0.36570363
   -0.71049636
    0.36935845
    0.34113792
   -0.70785548
    0.33718137
    0.35209824
   -0.68603769
    0.35310818
    0.34359129
   -0.69001721
    0.35723249
    0.35272994
   -0.69806942
    0.35323721
    0.36457589
   -0.74759251
    0.31200341
    0.32246894
   -0.69612123
    0.35911703
    0.35558569
   -0.70359869
    0.36404443
    0.36317136
   -0.68796710
    0.35436899
    0.35430919
   -0.69861272
    0.36130953
    0.36108123
   -0.70412980
    0.37083486
    0.35028048
   -0.73573902
    0.37477047
    0.36096850
   -0.73251554
    0.37458616
    0.35792958
   -0.72945855
    0.37662640
    0.35283219
