           1           2  0.19103376326869387     
           1           3  0.19197221239328940     
           1           4  0.21019084717461139     
           1           5  0.16119865131110078     
           1           6  0.18823067263788762     
           1           7  0.20122682207478970     
           6           8  0.84695718481463578     
           6           9  0.84730383294320410     
           7          10  0.83065439832903132     
           7          11  0.83425249544259628     
           2          12  0.83991536562961200     
           2          13  0.85099853363572986     
           4          14  0.83983541856879007     
           4          15  0.84734477969589805     
           3          16  0.81579571928068284     
           3          17  0.79656161627728694     
           5          18  0.83293515242728078     
           5          19  0.85803510605004185     
           1          23  0.17057220771702586     
          25          32  0.82267873601033326     
          25          33  0.85395651764130376     
          20          34  0.83730359071959959     
          24          36  0.94907941341355007     
          20          37  0.79149919409625535     
          24          37  0.10933310629382884     
          29          38  0.86196488957074502     
          29          39  0.82649055036231245     
          22          40  0.87172037801980728     
          22          41  0.77560550928497007     
          24          41  0.12121196528783201     
          23          42  0.82862746356731609     
          23          43  0.86364162689523538     
          31          44  0.85432926515333230     
          31          45  0.85710239284548473     
          30          46  0.86455294070000011     
          30          47  0.81701429700037576     
          28          48  0.86085827759146394     
          28          49  0.81997161301705201     
          27          50  0.81451679654472109     
          27          51  0.80911821480434243     
          26          52  0.84095420124160303     
          26          53  0.85372021898347561     
          21          54  0.86315967450992437     
          21          55  0.82144912850477081     
          56          57  0.87688250987513394     
          56          58  0.79782927308711904     
          59          60  0.86236846740766004     
          59          61  0.86951789071488550     
          62          63  0.86365774123399008     
          62          64  0.88624897546742543     
          65          66  0.88052609467476706     
          65          67  0.82321388113472693     
          68          69  0.82626347167097558     
          68          70  0.87337565174419285     
          71          72  0.86593821360598078     
          71          73  0.86766051787358767     
          74          75  0.86510651231973612     
          74          76  0.86607805287747530     
          77          78  0.86354442331937231     
          77          79  0.88359512784762695     
          80          81  0.88431996565464699     
          80          82  0.83209433231386198     
          83          84  0.80867556971791388     
          83          85  0.87399681868369972     
          86          87  0.87029201663959799     
          86          88  0.87365458244874783     
          89          90  0.87310055775864470     
          89          91  0.86497016029671880     
          24          93  0.14605544506921220     
          92          93  0.75341364724607662     
          92          94  0.89513294509935970     
          95          96  0.86940094991105576     
          95          97  0.87094076094502326     
          98          99  0.86555696067215093     
          98         100  0.86594168398084248     
         101         102  0.87248623885515841     
         101         103  0.87335634851712163     
         104         105  0.86727980753070466     
         104         106  0.86752063807976609     
         107         108  0.85944605058198265     
         107         109  0.87536238884082451     
         110         111  0.85933067246929640     
         110         112  0.86948534482853290     
         113         114  0.85948478223364200     
         113         115  0.87168600586641443     
         116         117  0.85799224394951856     
         116         118  0.87534927176809774     
