   -0.82146600
    0.11079982
    0.11230070
    0.11304170
    0.11164424
    0.11008157
    0.11287504
   -0.55340808
   -0.55131356
   -0.55315991
   -0.55174205
   -0.54968857
   -0.55395280
   -0.67905081
    0.33946493
    0.29607386
   -0.68413145
    0.29425761
    0.34355305
   -0.68373809
    0.35269380
    0.34587708
   -0.67093038
    0.34139856
    0.29758563
   -0.66576070
    0.30141247
    0.33793249
   -0.70343420
    0.34592352
    0.29817109
   -0.67818850
    0.34603241
    0.28368043
   -0.67501029
    0.29377794
    0.34452255
   -0.67093978
    0.34329057
    0.29597848
   -0.67980063
    0.29331000
    0.34762955
   -0.69230618
    0.36693623
    0.34020694
   -0.67302915
    0.34108176
    0.30054148
   -0.67498046
    0.28978974
    0.34524083
   -0.70163342
    0.36770602
    0.35333423
   -0.70558277
    0.36362571
    0.35703631
   -0.69772609
    0.35925116
    0.32363984
   -0.71052332
    0.36664708
    0.34387622
   -0.69809543
    0.34908062
    0.36739806
   -0.71484213
    0.35064016
    0.36420196
   -0.69593100
    0.36147940
    0.35279259
   -0.71631951
    0.36071734
    0.35560218
   -0.70369899
    0.35320790
    0.36862704
   -0.70821122
    0.34304575
    0.36516531
   -0.71045224
    0.35558297
    0.35486931
   -0.69921164
    0.36519511
    0.31717108
   -0.70369716
    0.31710118
    0.36662249
   -0.69810680
    0.34861380
    0.34949233
   -0.69728066
    0.36040164
    0.31805075
   -0.71872746
    0.35477148
    0.36395594
   -0.70020997
    0.36366891
    0.31349109
   -0.70432192
    0.35263378
    0.35168807
   -0.70092081
    0.33174735
    0.35214629
   -0.70813017
    0.34174908
    0.36638070
   -0.70966419
    0.35294508
    0.35671908
   -0.70311737
    0.35570226
    0.36517661
   -0.71035683
    0.34452887
    0.36582787
   -0.70174609
    0.32298880
    0.36391947
   -0.69093956
    0.34943388
    0.31880317
   -0.71507389
    0.35571592
    0.35935795
   -0.70265199
    0.35834418
    0.36171316
   -0.70619411
    0.32745283
    0.35933446
   -0.69870743
    0.35446452
    0.32916363
   -0.71854757
    0.35880708
    0.35974048
   -0.71785388
    0.35928286
    0.35857103
   -0.70590817
    0.32603003
    0.36149484
   -0.71909499
    0.35740609
    0.36168890
   -0.70272561
    0.32517786
    0.35920676
   -0.71868065
    0.35848541
    0.36019522
   -0.71706089
    0.36028143
    0.35677945
   -0.71516176
    0.35581567
    0.35934608
   -0.71885481
    0.35810959
    0.36074520
   -0.71721886
    0.36016685
    0.35705200
   -0.71799477
    0.35852483
    0.35946992
   -0.71778255
    0.36281075
    0.35497178
   -0.71195854
    0.35630082
    0.35565768
   -0.71789218
    0.35912364
    0.35876853
   -0.70280649
    0.35614354
    0.32852696
   -0.71789404
    0.35525100
    0.36264302
   -0.70890881
    0.35805414
    0.36788184
   -0.71588025
    0.36154455
    0.35433569
   -0.71850200
    0.35553132
    0.36297066
   -0.71662298
    0.36207067
    0.35455230
   -0.71454785
    0.35945251
    0.35509533
   -0.71863252
    0.35833709
    0.36029542
   -0.71598970
    0.36115855
    0.35483114
   -0.71603859
    0.35577942
    0.36025919
   -0.71759509
    0.35666221
    0.36093284
   -0.71624100
    0.36041256
    0.35582844
   -0.71773516
    0.35913392
    0.35860122
   -0.70097762
    0.35422988
    0.32898627
   -0.71568192
    0.35810239
    0.35757953
   -0.71873874
    0.35736798
    0.36137073
   -0.71705970
    0.35693238
    0.36012731
   -0.71712025
    0.35893728
    0.35818297
   -0.72462187
    0.36941375
    0.35520810
   -0.71629635
    0.35664813
    0.35964821
   -0.72497522
    0.36225713
    0.36271810
   -0.70269346
    0.35657029
    0.32871780
