           1           2  0.90339571712598488     
           1           3  0.90766909724114142     
           1           4  0.90856400181665564     
           1           5  0.90824821983324044     
           1           6  0.89142368639509473     
           1           7  0.90699622808436053     
           1           8  0.13941863618953482     
           2           8   2.6242544637571488     
           1           9  0.14097357991851747     
           3           9   2.6027341310592940     
           1          10  0.14042089060168711     
           4          10   2.6148161617719121     
           1          11  0.13986471657064270     
           5          11   2.6072798814582625     
           1          12  0.13765421885559778     
           6          12   2.6615414028732758     
           1          13  0.14049427825516733     
           7          13   2.6183712051101620     
          14          15  0.87721273861275406     
          14          16  0.85548533228073487     
          17          18  0.84111898184991329     
          17          19  0.88100563822349587     
          20          21  0.87292780172384055     
          20          22  0.87765721558229015     
          23          24  0.87368228837641215     
          23          25  0.84388459604940358     
          26          27  0.85073969348633893     
          26          28  0.87021826624396237     
          29          30  0.87994486793084714     
          29          31  0.83150180482645419     
          32          33  0.87992667950781600     
          32          34  0.85072660382896892     
          35          36  0.84858829971665328     
          35          37  0.87964761293475380     
          38          39  0.87977679780155837     
          38          40  0.82747071810177886     
          41          42  0.83202006494551106     
          41          43  0.87578158524887639     
          44          45  0.86268447382624580     
          44          46  0.88155436684435418     
          47          48  0.88089730453531800     
          47          49  0.82592984596201990     
          50          51  0.86332524265898325     
          50          52  0.87361031551790025     
          53          54  0.86223051591371658     
          53          55  0.87282698575122020     
          56          57  0.86487610153181482     
          56          58  0.86962088557800699     
          59          60  0.87090616812228916     
          59          61  0.87341369230887311     
          62          63  0.86553538128086216     
          62          64  0.88171428731280166     
          65          66  0.87598522535744272     
          65          67  0.86229134488147829     
          68          69  0.87695012991191146     
          68          70  0.86725554204455868     
          71          72  0.86705655388623160     
          71          73  0.87315620121350135     
          74          75  0.86978202397196291     
          74          76  0.87344573993098851     
          77          78  0.87278769807648438     
          77          79  0.86126254079464060     
          80          81  0.88227410974189624     
          80          82  0.86660777092004881     
          83          84  0.87349104892236795     
          83          85  0.87399805230459005     
          86          87  0.86669066753237678     
          86          88  0.87476440573732783     
          89          90  0.87080479841827541     
          89          91  0.86564480775541031     
          92          93  0.87845711866214371     
          92          94  0.87784329471399603     
          95          96  0.87008482240696439     
          95          97  0.87169463630136934     
          98          99  0.87402565378892749     
          98         100  0.86742464852138934     
         101         102  0.86777891751310565     
         101         103  0.86972213512986429     
         104         105  0.87561731839770129     
         104         106  0.87628273995508787     
         107         108  0.86536469386191195     
         107         109  0.87584710395674747     
         110         111  0.88317916444984279     
         110         112  0.86573683631030296     
         113         114  0.87537233898555644     
         113         115  0.87269480578919578     
         116         117  0.87093093263761678     
         116         118  0.86403721150874779     
         119         120  0.88126043486893080     
         119         121  0.86613054697808722     
         122         123  0.87389194548233373     
         122         124  0.86755942887390614     
         125         126  0.87774360775600335     
         125         127  0.86647487437173742     
         128         129  0.87336386656571685     
         128         130  0.87075969529410857     
         131         132  0.86913423462893635     
         131         133  0.86668789199510854     
         134         135  0.86504770615819460     
         134         136  0.87082738425674389     
         137         138  0.87427645386983088     
         137         139  0.86953103229759632     
         140         141  0.87110457976216549     
         140         142  0.87043382086814913     
         143         144  0.87077242588849435     
         143         145  0.87128344890033382     
         146         147  0.86731796630131530     
         146         148  0.86927925410490081     
         149         150  0.87211604991410574     
         149         151  0.86903626216944208     
         152         153  0.86800763676412906     
         152         154  0.87093736070886607     
         155         156  0.87135936016241677     
         155         157  0.87013044656994576     
         158         159  0.87007706416612762     
         158         160  0.87258783775973781     
         161         162  0.87327766469955470     
         161         163  0.87075293391565367     
         164         165  0.87161924830805293     
         164         166  0.86972472358829933     
         167         168  0.87015089776798571     
         167         169  0.87238500148954090     
         170         171  0.87132524243797560     
         170         172  0.87064636725298128     
         173         174  0.86824883900005556     
         173         175  0.87387566733452382     
         176         177  0.87296239782242679     
         176         178  0.87342046239390769     
         179         180  0.87090737046243261     
         179         181  0.87116233765615514     
         182         183  0.87310456697415928     
         182         184  0.86592896467586500     
         185         186  0.87368083296282739     
         185         187  0.86837439766457036     
         188         189  0.86904143176235094     
         188         190  0.86196698635351621     
         191         192  0.86915120886026997     
         191         193  0.87431252468447274     
         194         195  0.87346785128488325     
         194         196  0.86812296383500909     
         197         198  0.86877962258001173     
         197         199  0.87416733507149647     
         200         201  0.87067696080341694     
         200         202  0.87378976053673241     
         203         204  0.87145594538475102     
         203         205  0.87004866675986248     
         206         207  0.86942999373095586     
         206         208  0.87396024174108466     
         209         210  0.87331298841581306     
         209         211  0.87010484560281465     
         212         213  0.87266475924475728     
         212         214  0.86960006888732255     
         215         216  0.86995601149024526     
         215         217  0.87323932542855620     
         218         219  0.87089582292115020     
         218         220  0.87127811591116444     
         221         222  0.87445486625973490     
         221         223  0.86617496431463992     
         224         225  0.87164504492884798     
         224         226  0.87201783134670430     
         227         228  0.87216799215778029     
         227         229  0.86929118725301224     
         230         231  0.87246172166402092     
         230         232  0.87017076494008350     
         233         234  0.87103551634282483     
         233         235  0.87157633864815853     
         236         237  0.86339842663738775     
         236         238  0.87369195226624230     
         239         240  0.87269585768115765     
         239         241  0.87054734295505609     
         242         243  0.86856815991517311     
         242         244  0.86823416914712137     
         245         246  0.87277401272706290     
         245         247  0.86690815950272404     
