    0.16342455
    0.42332353
   -0.06839911
   -0.06680855
   -0.31081129
   -0.31242852
   -0.33551525
    0.00105616
   -0.03244411
    0.03116788
   -0.04491832
    0.03124538
   -0.00763641
   -0.06081969
    0.06973093
   -0.02902450
    0.03132417
   -0.03707438
    0.05548200
   -0.03432065
    0.03783851
    0.00280203
   -0.00501637
   -0.03676761
    0.06023297
   -0.03625183
    0.03090572
   -0.03321679
    0.02813791
   -0.04543751
    0.01869865
   -0.06961313
    0.03254575
   -0.02760230
    0.03563035
   -0.04768354
    0.03160547
   -0.04784551
    0.04708015
   -0.04544303
    0.02848594
   -0.04067490
    0.06462904
    0.02042698
    0.06166518
    0.05128685
    0.08274735
   -0.04203707
    0.02510501
   -0.03675469
    0.05700767
   -0.06804374
    0.03100768
   -0.03996625
    0.05880737
   -0.07801876
    0.02394113
    0.00609272
    0.07540447
    0.07888128
    0.04982755
   -0.04987759
    0.03478771
   -0.04988586
    0.03186446
    0.03608790
   -0.07418425
    0.07970154
    0.06045424
   -0.07894611
    0.02326978
   -0.04419139
    0.07362583
   -0.07248962
    0.05398064
    0.06512458
   -0.07259804
    0.01947386
    0.00710420
    0.07677763
    0.08374701
    0.06291783
   -0.61285229
   -0.60393135
   -0.62201886
   -0.61216051
   -0.58727871
   -0.61081317
   -0.57778731
   -0.61186345
   -0.63345026
   -0.57412999
   -0.61060116
   -0.61158998
   -0.66081576
   -0.64047656
   -0.61676452
   -0.60664606
   -0.62562480
   -0.66102240
   -0.62692703
   -0.60629882
   -0.61601574
   -0.61830074
   -0.62680894
   -0.63669602
   -0.60480424
   -0.65662971
    0.32710796
    0.27721660
    0.31943573
    0.27781343
    0.31484402
    0.28640689
    0.28662687
    0.32444650
    0.29901015
    0.29888937
    0.28364792
    0.32228619
    0.28806434
    0.28583914
    0.27656906
    0.32655119
    0.31936594
    0.31600699
    0.30359918
    0.29384157
    0.27855538
    0.32856489
    0.28729851
    0.34837691
    0.30876625
    0.32271856
    0.30844115
    0.31563761
    0.32251035
    0.31030717
    0.32069294
    0.30389967
    0.29750427
    0.33368089
    0.31469988
    0.32869672
    0.28549365
    0.34401147
    0.28022137
    0.31748300
    0.28547292
    0.30907783
    0.32055044
    0.28302346
    0.28615638
    0.34075525
    0.31323039
    0.32096991
    0.28382255
    0.33070715
    0.31869376
    0.32099977
