           1           2  0.57847121772098886     
           1           3  0.56591071734777598     
           1           4  0.76121609023221948     
           2           5   1.1962577842385917     
           2           6   1.2060939883837789     
           2           7   1.1659629534621374     
           3           8  0.96238202750211188     
           8           9  0.10774889650743452     
           9          10  0.97127330563407699     
          11          12  0.97120084045862121     
           3          13  0.99868287878141959     
          11          14   1.4230060557207627     
          14          15  0.95389368668350283     
           8          16   1.3947999579334365     
          16          17  0.96113915359091517     
           9          18   1.4379300313796564     
          16          18  0.10942181570373744     
          18          19  0.96458088997122504     
          13          20   1.3600792719801484     
          20          21  0.95538193719500253     
           4          22  0.95164568912878811     
          11          22  0.10672803704164957     
           4          23  0.98597651572547851     
          14          24   1.4365577144144970     
          22          24   1.4013908461232456     
          24          25  0.94127308637423823     
          11          26   1.4319878701604665     
          24          26  0.10869086835710698     
          26          27  0.96980864997303551     
           9          28   1.4334657960203081     
          16          28   1.4479474985680572     
          28          29  0.96990156386980897     
          13          30   1.3727408890884993     
          30          31  0.95821070784524176     
           1          32  0.29768682127554152     
          32          33  0.95057145288827294     
          14          34  0.10807106940580016     
          22          34   1.3939997435803158     
          26          34   1.4449569284444961     
          34          35  0.96124218989731847     
          36          37  0.97108359279758660     
          38          39  0.96325608316783140     
          40          41  0.96884248629993275     
           8          42   1.4040278676149862     
          18          42   1.4388115965347876     
          28          42  0.10749927427935237     
          42          43  0.94254506219125322     
           6          44  0.93363149516939636     
          44          45  0.97885860804758518     
          44          46  0.98003705917036343     
          44          47  0.96675741805898474     
          20          48  0.10342814743741992     
          30          48   1.4506508965269265     
          36          48   1.4208576476510228     
          48          49  0.96725028890538944     
          23          50   1.3703789398324291     
          38          50  0.10603095444578092     
          40          50   1.4591722536605511     
          50          51  0.95468400428549849     
           1          52  0.26162998448032526     
          52          53  0.96161845125801615     
          20          54   1.4716994900187381     
          36          54   1.4027061430454819     
          54          55  0.96463895534584743     
           1          56  0.19511919769326175     
          32          56   1.2784423808509224     
          56          57  0.95861076874619355     
           5          58  0.95272643465661666     
          58          59  0.97145668672331131     
          58          60  0.96988226580482761     
          58          61  0.97190633150618355     
          38          62   1.4335287182778023     
          40          62   1.4153898186468998     
          62          63  0.96972330447924959     
          64          65  0.97280458466967623     
          64          66  0.96127611109772126     
           4          67  0.99409784721272232     
          64          67  0.99881911294234094     
          67          68  0.93569272022764971     
          67          69  0.94005937914296767     
           1          70  0.18355189829404428     
          32          70   1.3225719268231546     
          52          70   1.3594955968303910     
          70          71  0.96222522926365572     
          23          72   1.3833032506558609     
          38          72   1.4419476368614519     
          40          72  0.10323559878537793     
          72          73  0.94936637810250146     
           3          74   1.0075329555510977     
          64          74  0.99970157281419414     
          74          75  0.94099551649764479     
          74          76  0.94489996689459810     
           1          77  0.19104388830137864     
          52          77   1.2858856104711998     
          56          77   1.3691541264684108     
          77          78  0.95765553544258353     
           7          79  0.92930914304166101     
          79          80  0.96534248677055756     
          79          81  0.97056632361420470     
          79          82  0.97781289458227727     
          83         109  0.83867671295564494     
          83         110  0.92100558013061851     
          84         111  0.84919023905961077     
          84         112  0.91907352805075915     
          85         113  0.85398016742329774     
          85         114  0.89195873017991412     
          86         115  0.91593242643234252     
          86         116  0.85349918665489466     
          87         117  0.89895340020409931     
          87         118  0.88411329048712761     
          88         119  0.90814761828233959     
          88         120  0.84585453138658873     
          89         121  0.91591446482711947     
          89         122  0.90693735672287101     
          90         123  0.92059149762330472     
          90         124  0.82809922036916206     
          91         125  0.84568479904173000     
          91         126  0.86599434899497973     
          92         127  0.89867205333772926     
          92         128  0.91101655317169772     
          93         129  0.91938122276599799     
          93         130  0.85151177353876883     
          94         131  0.91429789330994704     
          94         132  0.82281926096262903     
          95         133  0.85783784505578309     
          95         134  0.82688270485891646     
          96         135  0.87140188810005959     
          96         136  0.84710442409907438     
          97         137  0.86171234449624734     
          97         138  0.87946335139560272     
          98         139  0.85610323807070876     
          98         140  0.90260739665271938     
          99         141  0.88409354150842301     
          99         142  0.83038786485930860     
         100         143  0.85044927490393385     
         100         144  0.81596616511544162     
         101         145  0.91338351117396754     
         101         146  0.79927006343632556     
         102         147  0.91903967352824067     
         102         148  0.85232433144520148     
         103         149  0.90750460708745084     
         103         150  0.86567046571262884     
         104         151  0.85388425308473215     
         104         152  0.90084422564740374     
         105         153  0.91593394523837168     
         105         154  0.79523348126633642     
         106         155  0.87504331865137552     
         106         156  0.84338379584845635     
         107         157  0.91731498545780865     
         107         158  0.84902839649128614     
         108         159  0.86077265328840491     
         108         160  0.83698684726141326     
