   -0.08529148
   -0.08048170
   -0.11206465
    0.13624410
    0.09879896
   -0.10230849
   -0.23955737
   -0.42639960
   -0.03228134
   -0.01676046
    0.00532538
   -0.03628898
    0.76972266
   -0.09125453
   -0.09286224
   -0.12135538
    0.11724916
    0.11413624
   -0.12333657
   -0.48638501
   -0.45360181
   -0.07293550
   -0.06067269
   -0.04813508
   -0.07636261
   -0.08805937
   -0.08058530
   -0.11057586
    0.13190854
    0.08897617
   -0.10504285
   -0.22311309
   -0.45503398
   -0.04406586
   -0.02197076
   -0.00601306
   -0.05133016
   -0.70380333
    0.35900782
    0.36399281
   -0.71518967
    0.35719408
    0.35799162
   -0.72125680
    0.32994608
    0.34251760
   -0.71253320
    0.35513050
    0.35740024
   -0.70443175
    0.35927841
    0.36249191
   -0.70041671
    0.35182365
    0.36782862
   -0.70256698
    0.35998575
    0.36077135
   -0.69616227
    0.32840285
    0.32803368
   -0.69231406
    0.35288844
    0.28520425
   -0.70679999
    0.36040276
    0.34639653
   -0.70727306
    0.36523829
    0.34203456
   -0.71533635
    0.35997533
    0.35536101
   -0.89633554
    0.30485625
    0.19097516
   -0.91290588
    0.29605431
    0.20584753
   -0.68810767
    0.32801896
    0.29432450
   -0.70812570
    0.34610575
    0.36201982
   -0.71548510
    0.35046148
    0.36502358
   -0.70829003
    0.34699475
    0.36129526
   -0.82570189
    0.29201485
    0.27862805
   -0.70454816
    0.35376285
    0.35077013
   -0.70315797
    0.36022612
    0.34293164
   -0.70443280
    0.35255436
    0.35187788
   -0.80704193
    0.27732769
    0.28657619
   -0.69235341
    0.36016366
    0.33369076
   -0.71947847
    0.35889345
    0.36058501
   -0.72324378
    0.36487019
    0.35837354
   -0.70463726
    0.36110254
    0.36324963
   -0.70259507
    0.35291257
    0.33234376
   -0.70862678
    0.36205575
    0.32733514
   -0.70306550
    0.33032472
    0.35455051
   -0.71656853
    0.35295297
    0.36361544
   -0.71500673
    0.36014659
    0.35486008
   -0.72029541
    0.35784294
    0.36245247
   -0.72032294
    0.36371344
    0.35660954
   -0.72148070
    0.36048981
    0.36099088
   -0.72039705
    0.35207967
    0.36831735
   -0.71954115
    0.36356738
    0.35597371
   -0.71888079
    0.36168693
    0.35719375
   -0.72341071
    0.35864761
    0.36476308
   -0.70805532
    0.35555076
    0.35250439
   -0.70400304
    0.36013671
    0.36162531
   -0.71951392
    0.36085173
    0.35866217
   -0.71945419
    0.36431702
    0.35513717
   -0.72089597
    0.35364642
    0.36724948
   -0.72320707
    0.36527299
    0.35793408
   -0.70920028
    0.35986604
    0.34933404
   -0.72021359
    0.35775509
    0.36245850
   -0.70662886
    0.36043665
    0.36434553
   -0.72066071
    0.36369645
    0.35696425
   -0.71399882
    0.35162894
    0.36236988
   -0.71589663
    0.36154712
    0.35434942
   -0.71176561
    0.35768259
    0.35408304
   -0.71606526
    0.35531003
    0.36075522
   -0.71802443
    0.36104671
    0.35697770
   -0.71471177
    0.36461691
    0.35009486
   -0.71540255
    0.35475981
    0.36064273
   -0.71578541
    0.35062878
    0.36515662
   -0.71130783
    0.35984858
    0.35145927
   -0.70680226
    0.35454081
    0.33156308
   -0.72111993
    0.36187672
    0.35924321
   -0.71985498
    0.36049517
    0.35935980
   -0.70587348
    0.35551114
    0.33064737
   -0.71989861
    0.36008728
    0.35981133
   -0.72225145
    0.35970339
    0.36254806
   -0.71923818
    0.36092529
    0.35831289
   -0.72063104
    0.36061690
    0.36001413
   -0.72201549
    0.36025674
    0.36175875
   -0.71785211
    0.35781830
    0.36003380
   -0.72252306
    0.36169953
    0.36082353
   -0.72194284
    0.36069924
    0.36124357
   -0.72201326
    0.36036398
    0.36164927
   -0.71925314
    0.35938934
    0.35986379
   -0.71706292
    0.35778746
    0.35927546
   -0.71991254
    0.36005905
    0.35985346
   -0.72001880
    0.36025908
    0.35975972
   -0.70478955
    0.32962459
    0.35740596
   -0.71812273
    0.35989074
    0.35823198
   -0.71995166
    0.36073151
    0.35922015
   -0.72018093
    0.36178622
    0.35839471
   -0.71792373
    0.35780509
    0.36011861
   -0.71668499
    0.35522367
    0.36146129
   -0.71966897
    0.35890671
    0.36076225
   -0.72146375
    0.36026361
    0.36120015
   -0.72035497
    0.36127506
    0.35907990
   -0.71968231
    0.36057311
    0.35910920
   -0.71861393
    0.35985936
    0.35875455
   -0.71717562
    0.35950252
    0.35767309
   -0.72458016
    0.35919518
    0.36538500
   -0.71883933
    0.36288425
    0.35595510
   -0.72022157
    0.35487496
    0.36534660
   -0.70472241
    0.33004525
    0.35652385
   -0.72279780
    0.36086732
    0.36193048
   -0.71765522
    0.36178828
    0.35586692
   -0.71707758
    0.35767361
    0.35940395
   -0.71826480
    0.35982194
    0.35844283
   -0.71872981
    0.35889434
    0.35983546
   -0.71923920
    0.36052291
    0.35871627
   -0.71831834
    0.36006937
    0.35824896
   -0.72458464
    0.36236350
    0.36222111
   -0.71688526
    0.35845323
    0.35843201
   -0.71704676
    0.35818018
    0.35886657
   -0.71825234
    0.35713570
    0.36111665
   -0.71709560
    0.35733777
    0.35975780
   -0.71832558
    0.36184183
    0.35648374
   -0.71639185
    0.35811931
    0.35827252
