           1           2   1.4534612174500370     
           2           3   1.3783397622053284     
           3           4   1.3291706303572153     
           4           5   1.1419529213869151     
           1           6   1.3501274450776020     
           5           6   1.4139613486001910     
           5           7   1.1171034441170604     
           4           8   1.2721812999783102     
           1           9  0.97192503480275994     
           2          10  0.97224328484239020     
           3          11  0.96992175019536275     
           6          12  0.96695511867690231     
           7          13  0.27363885832165807     
           8          13  0.45370606941097252     
          14          15   1.4615088858857370     
          15          16   1.3432730354157092     
          16          17   1.3625865507183099     
          17          18   1.0991531652317639     
          14          19   1.3456540505889891     
          18          19   1.3440992143228592     
          13          20  0.44498431473472561     
          18          20   1.3040125544288126     
          19          20  0.11669891156388595     
          13          21  0.48085474281472218     
          16          21  0.10962889038622387     
          17          21   1.2797573234670356     
          14          22  0.96767827346949975     
          15          23  0.96909573730497622     
          16          24  0.96898550974824915     
          19          25  0.96643201733443385     
          26          27   1.4489790647197414     
          27          28   1.3896475374784343     
          28          29   1.3274242713710125     
          29          30   1.1379323962226848     
          26          31   1.3466351797099874     
          30          31   1.4175434868175278     
          13          32  0.25867360060558714     
          30          32   1.1191417367163270     
          13          33  0.42352098867879739     
          28          33  0.10304195822850999     
          29          33   1.2978897931541060     
          26          34  0.97106207382291576     
          27          35  0.97198203843723052     
          28          36  0.97192525856986234     
          31          37  0.96606910576810090     
          38          39  0.86769383811560952     
          38          40  0.86419399602628910     
          41          42  0.87234074065425116     
          41          43  0.87177275764640050     
          44          45  0.82327162473356041     
          44          46  0.88238707056761267     
          47          48  0.87385673250806029     
          47          49  0.87223753066320353     
          50          51  0.86801008522178180     
          50          52  0.86635729178599308     
          53          54  0.87424377428458222     
          53          55  0.86214605313328496     
          56          57  0.86779636242469882     
          56          58  0.86681764430537789     
          59          60  0.82486485491993489     
          59          61  0.82312394976511305     
           8          63  0.11979565671406853     
          62          63  0.74207847588849851     
          62          64  0.89306148136159902     
          65          66  0.87010276006318565     
          65          67  0.88000067735261212     
          68          69  0.86660765517332949     
          68          70  0.88301698880315249     
          71          72  0.87033505862771232     
          71          73  0.87363541699634517     
           7          75  0.80794922954460235     
          74          76  0.96182292574834927     
          32          78  0.82859579291079055     
          77          79  0.95570087182800523     
          80          81  0.82128645819984847     
          80          82  0.89309817617094356     
          83          84  0.88016968424317887     
          83          85  0.86890478399501880     
          86          87  0.87708877092329485     
          86          88  0.86666510509022843     
          89          90  0.87956330072218958     
          89          91  0.86943189314959590     
          77          92  0.11493101723156168     
          92          93  0.91367400294351919     
          77          94  0.32333828416284149     
          92          94  0.59494323482456468     
          95          96  0.87485828681690447     
          95          97  0.87695564609773580     
          98          99  0.87023974525003023     
          98         100  0.88238477335510990     
         101         102  0.87567485526858380     
         101         103  0.87615082806194455     
          74         104  0.11316415316205919     
         104         105  0.92197908033182863     
          74         106  0.31121361951146875     
         104         106  0.60437382665479711     
         107         108  0.86696293510432065     
         107         109  0.85824354286143278     
         110         111  0.87107192714121551     
         110         112  0.86985307590558114     
         113         114  0.86674186147885557     
         113         115  0.87144074774035551     
         116         117  0.86707985254813891     
         116         118  0.86540004386005398     
         119         120  0.87530126242918604     
         119         121  0.86453590119460288     
         122         123  0.86884000450812926     
         122         124  0.86546772513817305     
         125         126  0.86457365682223464     
         125         127  0.87417997730920072     
         128         129  0.87535345981446588     
         128         130  0.86771345290242974     
         131         132  0.87018950796504424     
         131         133  0.87398569755491851     
         134         135  0.87179908560819908     
         134         136  0.86847304842657325     
         137         138  0.86758027828726803     
         137         139  0.87268775882177951     
         140         141  0.86990279275219684     
         140         142  0.86954253375039925     
         143         144  0.87592023139376407     
         143         145  0.86421304837555002     
         146         147  0.86768468974323942     
         146         148  0.87314849558691476     
         149         150  0.86903820039694402     
         149         151  0.87226761163221256     
         152         153  0.87120217698925151     
         152         154  0.86677827042609779     
         155         156  0.87354687178209200     
         155         157  0.87570311796424638     
         158         159  0.86761881444525513     
         158         160  0.86667341477481208     
         161         162  0.86966607712364397     
         161         163  0.87124124611421261     
         164         165  0.86716465182120250     
         164         166  0.87376976043340882     
         167         168  0.87481648840906057     
         167         169  0.86501010714654636     
         170         171  0.86640989328852613     
         170         172  0.87171726386045378     
         173         174  0.87044855501220209     
         173         175  0.87790865044908928     
         176         177  0.87188322153445008     
         176         178  0.86849500370501809     
         179         180  0.86772742619403309     
         179         181  0.86461347529046551     
         182         183  0.86759944113870591     
         182         184  0.87243453928832726     
         185         186  0.87627004309877754     
         185         187  0.86860784646552691     
         188         189  0.86919240366064143     
         188         190  0.87434367972141214     
         191         192  0.87199026174307670     
         191         193  0.87454892677755380     
         194         195  0.87365471667885364     
         194         196  0.86975367983547480     
         197         198  0.86953808474270278     
         197         199  0.87245790045596072     
         200         201  0.86695796787956603     
         200         202  0.87734086751211637     
         203         204  0.87404724587667570     
         203         205  0.86983736648525423     
         206         207  0.87694891344687997     
         206         208  0.86655388204394501     
         209         210  0.87042420780580876     
         209         211  0.87639446930848797     
         212         213  0.87414179979726736     
         212         214  0.86035680966992700     
         215         216  0.86887381689444387     
         215         217  0.87077084677852490     
         218         219  0.86989319895826611     
         218         220  0.87071416935052648     
         221         222  0.87353979804037141     
         221         223  0.86239186906050402     
         224         225  0.87019892268487520     
         224         226  0.87039856413568217     
         227         228  0.87047495772242234     
         227         229  0.86841513924823144     
         230         231  0.86959274856956204     
         230         232  0.87147189492341104     
         233         234  0.86979490379190916     
         233         235  0.87023027848081114     
         236         237  0.87003208736858340     
         236         238  0.86895517161127989     
         239         240  0.87184208719773848     
         239         241  0.87024716785209455     
         242         243  0.86901607132245018     
         242         244  0.86964968756030281     
         245         246  0.86971793158472521     
         245         247  0.86933788710878024     
         248         249  0.87000580029366870     
         248         250  0.86907666964138797     
         251         252  0.87068365793160329     
         251         253  0.87034165680052344     
         254         255  0.87185169504889903     
         254         256  0.87078551546454785     
         257         258  0.87020608533137334     
         257         259  0.87035333501413081     
         260         261  0.87011148176430031     
         260         262  0.87046014898753343     
         263         264  0.86570801459131186     
         263         265  0.87218813203726264     
         266         267  0.87034433947160617     
         266         268  0.87153280952945766     
         269         270  0.86972210526834037     
         269         271  0.87080919284407821     
         272         273  0.86895044473204963     
         272         274  0.87138905733127126     
         275         276  0.87183243391815135     
         275         277  0.87018233739652551     
         278         279  0.87368429387682522     
         278         280  0.86921316171028795     
         281         282  0.87103483119041558     
         281         283  0.86970280047908477     
         284         285  0.87006073460156808     
         284         286  0.86938489642021932     
         287         288  0.86933100680222919     
         287         289  0.87091700962695207     
         290         291  0.86981697597835217     
         290         292  0.87086723675838162     
         293         294  0.87037387273781619     
         293         295  0.87115224426154014     
         296         297  0.87063305621009635     
         296         298  0.87194232746048361     
         299         300  0.87079505359411336     
         299         301  0.86630967446008156     
         302         303  0.86817781100688962     
         302         304  0.87314690487837998     
         305         306  0.87393427685939673     
         305         307  0.86637849563911828     
         308         309  0.86500456263280678     
         308         310  0.87281344679963380     
         311         312  0.86962150925585302     
         311         313  0.86887764265198797     
         314         315  0.86896486221669167     
         314         316  0.87320215661703393     
         317         318  0.87193929816563598     
         317         319  0.87069950910146943     
         320         321  0.87038960967818024     
         320         322  0.87138037019902903     
         323         324  0.87107078494676649     
         323         325  0.87039390119452431     
         326         327  0.86988746683837859     
         326         328  0.87118723721429581     
         329         330  0.87019691476957706     
         329         331  0.87150244090531193     
         332         333  0.86853042267835734     
         332         334  0.86863231578725286     
         335         336  0.87139302614688952     
         335         337  0.87139760003094247     
         338         339  0.87158135694743422     
         338         340  0.87108416719082948     
         341         342  0.87232562473955022     
         341         343  0.86946251523951568     
         344         345  0.87218666273977941     
         344         346  0.87045636260308379     
         347         348  0.86893999527672361     
         347         349  0.87278644508171266     
         350         351  0.87162957404954866     
         350         352  0.87152058872260274     
